#	time(s)	count A	count B	count C	count D
1	0.0100	4	-4		
2	0.0200	2	-12		
3	0.0300	1	-20		
4	0.0400	-1	-28		
5	0.0500	-2	-35		
6	0.0600	-3	-42		
7	0.0700	-4	-50		
8	0.0800	-6	-56		
9	0.0900	-7	-63		
10	0.1000	-8	-70		
11	0.1100	-9	-76		
12	0.1200	-10	-81		
13	0.1300	-11	-86		
14	0.1400	-12	-91		
15	0.1500	-13	-96		
16	0.1600	-14	-100		
17	0.1700	-14	-103		
18	0.1800	-14	-106		
19	0.1900	-15	-108		
20	0.2000	-15	-111		
21	0.2100	-16	-112		
22	0.2200	-16	-113		
23	0.2300	-16	-114		
24	0.2400	-16	-114		
25	0.2500	-16	-113		
26	0.2600	-16	-112		
27	0.2700	-15	-110		
28	0.2800	-15	-108		
29	0.2900	-14	-106		
30	0.3000	-14	-102		
31	0.3100	-13	-99		
32	0.3200	-12	-94		
33	0.3300	-12	-90		
34	0.3400	-11	-85		
35	0.3500	-10	-80		
36	0.3600	-9	-74		
37	0.3700	-8	-68		
38	0.3800	-7	-62		
39	0.3900	-6	-55		
40	0.4000	-4	-48		
41	0.4100	-3	-41		
42	0.4200	-2	-34		
43	0.4300	-1	-26		
44	0.4400	1	-19		
45	0.4500	2	-11		
46	0.4600	4	-3		
47	0.4700	5	4		
48	0.4800	6	12		
49	0.4900	8	20		
50	0.5000	9	28		
51	0.5100	10	35		
52	0.5200	12	43		
53	0.5300	13	50		
54	0.5400	14	57		
55	0.5500	16	64		
56	0.5600	17	70		
57	0.5700	18	76		
58	0.5800	19	82		
59	0.5900	20	88		
60	0.6000	21	93		
61	0.6100	22	98		
62	0.6200	23	102		
63	0.6300	24	106		
64	0.6400	24	108		
65	0.6500	25	110		
66	0.6600	26	112		
67	0.6700	26	114		
68	0.6800	26	115		
69	0.6900	26	115		
70	0.7000	26	115		
71	0.7100	26	115		
72	0.7200	26	115		
73	0.7300	26	115		
74	0.7400	26	114		
75	0.7500	26	112		
76	0.7600	26	109		
77	0.7700	25	108		
78	0.7800	24	104		
79	0.7900	24	100		
80	0.8000	23	96		
81	0.8100	22	91		
82	0.8200	21	86		
83	0.8300	20	80		
84	0.8400	19	74		
85	0.8500	18	68		
86	0.8600	17	62		
87	0.8700	16	55		
88	0.8800	15	48		
89	0.8900	13	41		
90	0.9000	12	34		
91	0.9100	10	26		
92	0.9200	9	18		
93	0.9300	8	11		
94	0.9400	6	3		
95	0.9500	5	-4		
96	0.9600	4	-12		
97	0.9700	2	-20		
98	0.9800	1	-27		
99	0.9900	0	-34		
100	1.0000	-2	-41		
101	1.0100	-3	-48		
102	1.0200	-4	-55		
103	1.0300	-6	-61		
104	1.0400	-7	-67		
105	1.0500	-8	-73		
106	1.0600	-9	-78		
107	1.0700	-10	-83		
108	1.0800	-11	-88		
109	1.0900	-12	-92		
110	1.1000	-13	-96		
111	1.1100	-14	-99		
112	1.1200	-14	-102		
113	1.1300	-14	-104		
114	1.1400	-15	-106		
115	1.1500	-16	-108		
116	1.1600	-16	-109		
117	1.1700	-16	-109		
118	1.1800	-16	-109		
119	1.1900	-16	-108		
120	1.2000	-16	-108		
121	1.2100	-16	-106		
122	1.2200	-16	-104		
123	1.2300	-15	-101		
124	1.2400	-14	-98		
125	1.2500	-14	-95		
126	1.2600	-14	-91		
127	1.2700	-13	-86		
128	1.2800	-12	-82		
129	1.2900	-11	-77		
130	1.3000	-10	-71		
131	1.3100	-9	-66		
132	1.3200	-8	-60		
133	1.3300	-7	-53		
134	1.3400	-6	-46		
135	1.3500	-5	-40		
136	1.3600	-4	-33		
137	1.3700	-2	-26		
138	1.3800	-1	-18		
139	1.3900	0	-11		
140	1.4000	2	-4		
141	1.4100	3	4		
142	1.4200	4	11		
143	1.4300	6	18		
144	1.4400	7	26		
145	1.4500	9	33		
146	1.4600	10	40		
147	1.4700	12	47		
148	1.4800	13	54		
149	1.4900	14	60		
150	1.5000	16	66		
151	1.5100	17	72		
152	1.5200	18	78		
153	1.5300	19	83		
154	1.5400	20	88		
155	1.5500	21	92		
156	1.5600	22	96		
157	1.5700	23	100		
158	1.5800	24	103		
159	1.5900	24	106		
160	1.6000	25	108		
161	1.6100	26	108		
162	1.6200	26	110		
163	1.6300	26	111		
164	1.6400	26	111		
165	1.6500	26	111		
166	1.6600	26	110		
167	1.6700	26	110		
168	1.6800	26	108		
169	1.6900	26	108		
170	1.7000	26	106		
171	1.7100	26	103		
172	1.7200	25	100		
173	1.7300	24	96		
174	1.7400	24	92		
175	1.7500	23	87		
176	1.7600	22	82		
177	1.7700	22	77		
178	1.7800	20	72		
179	1.7900	20	66		
180	1.8000	18	60		
181	1.8100	18	53		
182	1.8200	16	47		
183	1.8300	15	40		
184	1.8400	14	33		
185	1.8500	12	26		
186	1.8600	11	19		
187	1.8700	10	12		
188	1.8800	8	5		
189	1.8900	7	-2		
190	1.9000	6	-9		
191	1.9100	4	-16		
192	1.9200	2	-23		
193	1.9300	1	-30		
194	1.9400	0	-37		
195	1.9500	-2	-43		
196	1.9600	-3	-49		
197	1.9700	-4	-55		
198	1.9800	-6	-61		
199	1.9900	-7	-66		
200	2.0000	-8	-72		
201	2.0100	-9	-76		
202	2.0200	-10	-81		
203	2.0300	-11	-85		
204	2.0400	-12	-88		
205	2.0500	-12	-92		
206	2.0600	-13	-94		
207	2.0700	-14	-97		
208	2.0800	-14	-98		
209	2.0900	-15	-100		
210	2.1000	-15	-101		
211	2.1100	-16	-102		
212	2.1200	-16	-102		
213	2.1300	-16	-101		
214	2.1400	-16	-100		
215	2.1500	-16	-99		
216	2.1600	-16	-97		
217	2.1700	-16	-95		
218	2.1800	-15	-92		
219	2.1900	-15	-89		
220	2.2000	-14	-86		
221	2.2100	-14	-82		
222	2.2200	-13	-78		
223	2.2300	-12	-73		
224	2.2400	-12	-68		
225	2.2500	-10	-63		
226	2.2600	-10	-57		
227	2.2700	-9	-52		
228	2.2800	-8	-46		
229	2.2900	-6	-39		
230	2.3000	-5	-33		
231	2.3100	-4	-26		
232	2.3200	-2	-20		
233	2.3300	-1	-13		
234	2.3400	0	-6		
235	2.3500	2	1		
236	2.3600	3	8		
237	2.3700	4	14		
238	2.3800	6	21		
239	2.3900	7	28		
240	2.4000	8	34		
241	2.4100	10	41		
242	2.4200	11	47		
243	2.4300	12	53		
244	2.4400	14	59		
245	2.4500	15	64		
246	2.4600	16	70		
247	2.4700	18	74		
248	2.4800	19	79		
249	2.4900	20	83		
250	2.5000	21	87		
251	2.5100	22	91		
252	2.5200	22	94		
253	2.5300	24	97		
254	2.5400	24	99		
255	2.5500	25	101		
256	2.5600	25	102		
257	2.5700	26	104		
258	2.5800	26	104		
259	2.5900	26	104		
260	2.6000	26	104		
261	2.6100	26	103		
262	2.6200	26	102		
263	2.6300	26	101		
264	2.6400	26	99		
265	2.6500	26	96		
266	2.6600	26	94		
267	2.6700	25	90		
268	2.6800	25	87		
269	2.6900	24	83		
270	2.7000	24	78		
271	2.7100	22	74		
272	2.7200	22	69		
273	2.7300	21	64		
274	2.7400	20	58		
275	2.7500	19	53		
276	2.7600	18	47		
277	2.7700	16	41		
278	2.7800	15	35		
279	2.7900	14	29		
280	2.8000	12	22		
281	2.8100	11	16		
282	2.8200	10	9		
283	2.8300	8	3		
284	2.8400	7	-4		
285	2.8500	6	-10		
286	2.8600	4	-16		
287	2.8700	3	-22		
288	2.8800	2	-29		
289	2.8900	0	-35		
290	2.9000	-1	-40		
291	2.9100	-2	-46		
292	2.9200	-4	-52		
293	2.9300	-5	-56		
294	2.9400	-6	-61		
295	2.9500	-8	-66		
296	2.9600	-8	-70		
297	2.9700	-10	-74		
298	2.9800	-10	-78		
299	2.9900	-12	-81		
300	3.0000	-12	-84		
301	3.0100	-13	-86		
302	3.0200	-14	-88		
303	3.0300	-14	-90		
304	3.0400	-15	-91		
305	3.0500	-15	-92		
306	3.0600	-16	-92		
307	3.0700	-16	-92		
308	3.0800	-16	-91		
309	3.0900	-16	-90		
310	3.1000	-16	-89		
311	3.1100	-16	-88		
312	3.1200	-16	-85		
313	3.1300	-15	-83		
314	3.1400	-15	-80		
315	3.1500	-14	-77		
316	3.1600	-14	-73		
317	3.1700	-13	-70		
318	3.1800	-12	-65		
319	3.1900	-12	-61		
320	3.2000	-11	-56		
321	3.2100	-10	-51		
322	3.2200	-9	-46		
323	3.2300	-8	-40		
324	3.2400	-7	-35		
325	3.2500	-6	-29		
326	3.2600	-4	-23		
327	3.2700	-3	-17		
328	3.2800	-2	-11		
329	3.2900	0	-5		
330	3.3000	1	1		
331	3.3100	2	7		
332	3.3200	4	13		
333	3.3300	5	19		
334	3.3400	6	25		
335	3.3500	8	31		
336	3.3600	10	37		
337	3.3700	11	42		
338	3.3800	12	48		
339	3.3900	14	53		
340	3.4000	15	58		
341	3.4100	16	63		
342	3.4200	17	67		
343	3.4300	18	71		
344	3.4400	20	75		
345	3.4500	20	78		
346	3.4600	22	82		
347	3.4700	22	85		
348	3.4800	23	87		
349	3.4900	24	89		
350	3.5000	24	91		
351	3.5100	25	92		
352	3.5200	26	94		
353	3.5300	26	94		
354	3.5400	26	94		
355	3.5500	26	94		
356	3.5600	26	94		
357	3.5700	27	92		
358	3.5800	26	91		
359	3.5900	26	90		
360	3.6000	26	88		
361	3.6100	26	85		
362	3.6200	26	82		
363	3.6300	25	79		
364	3.6400	24	76		
365	3.6500	24	72		
366	3.6600	23	68		
367	3.6700	22	64		
368	3.6800	21	59		
369	3.6900	20	54		
370	3.7000	19	50		
371	3.7100	18	44		
372	3.7200	17	39		
373	3.7300	16	34		
374	3.7400	14	28		
375	3.7500	13	22		
376	3.7600	12	17		
377	3.7700	10	11		
378	3.7800	9	5		
379	3.7900	8	-1		
380	3.8000	6	-6		
381	3.8100	5	-12		
382	3.8200	3	-18		
383	3.8300	2	-23		
384	3.8400	0	-29		
385	3.8500	-1	-34		
386	3.8600	-2	-39		
387	3.8700	-4	-44		
388	3.8800	-5	-48		
389	3.8900	-6	-53		
390	3.9000	-7	-57		
391	3.9100	-8	-61		
392	3.9200	-9	-64		
393	3.9300	-10	-68		
394	3.9400	-11	-70		
395	3.9500	-12	-73		
396	3.9600	-13	-76		
397	3.9700	-14	-78		
398	3.9800	-14	-79		
399	3.9900	-15	-80		
400	4.0000	-15	-81		
401	4.0100	-16	-82		
402	4.0200	-16	-82		
403	4.0300	-16	-82		
404	4.0400	-16	-81		
405	4.0500	-16	-80		
406	4.0600	-16	-79		
407	4.0700	-16	-78		
408	4.0800	-16	-76		
409	4.0900	-15	-73		
410	4.1000	-14	-70		
411	4.1100	-14	-68		
412	4.1200	-14	-64		
413	4.1300	-13	-61		
414	4.1400	-12	-57		
415	4.1500	-11	-53		
416	4.1600	-10	-49		
417	4.1700	-9	-44		
418	4.1800	-8	-40		
419	4.1900	-7	-35		
420	4.2000	-6	-30		
421	4.2100	-4	-24		
422	4.2200	-3	-19		
423	4.2300	-2	-14		
424	4.2400	-1	-8		
425	4.2500	1	-3		
426	4.2600	2	2		
427	4.2700	4	8		
428	4.2800	5	13		
429	4.2900	6	19		
430	4.3000	8	24		
431	4.3100	9	29		
432	4.3200	10	34		
433	4.3300	12	39		
434	4.3400	13	44		
435	4.3500	14	48		
436	4.3600	16	53		
437	4.3700	17	57		
438	4.3800	18	61		
439	4.3900	19	65		
440	4.4000	20	68		
441	4.4100	21	71		
442	4.4200	22	74		
443	4.4300	23	77		
444	4.4400	24	79		
445	4.4500	24	81		
446	4.4600	25	82		
447	4.4700	26	84		
448	4.4800	26	84		
449	4.4900	26	85		
450	4.5000	26	85		
451	4.5100	26	85		
452	4.5200	26	85		
453	4.5300	26	84		
454	4.5400	26	82		
455	4.5500	26	81		
456	4.5600	26	79		
457	4.5700	26	77		
458	4.5800	25	75		
459	4.5900	24	72		
460	4.6000	24	69		
461	4.6100	23	66		
462	4.6200	22	62		
463	4.6300	21	58		
464	4.6400	20	54		
465	4.6500	19	50		
466	4.6600	18	46		
467	4.6700	17	41		
468	4.6800	16	36		
469	4.6900	15	32		
470	4.7000	13	27		
471	4.7100	12	22		
472	4.7200	10	16		
473	4.7300	9	11		
474	4.7400	8	6		
475	4.7500	6	1		
476	4.7600	5	-4		
477	4.7700	4	-9		
478	4.7800	2	-14		
479	4.7900	1	-19		
480	4.8000	0	-24		
481	4.8100	-2	-29		
482	4.8200	-3	-34		
483	4.8300	-4	-38		
484	4.8400	-6	-42		
485	4.8500	-7	-46		
486	4.8600	-8	-50		
487	4.8700	-9	-54		
488	4.8800	-10	-57		
489	4.8900	-11	-60		
490	4.9000	-12	-63		
491	4.9100	-13	-65		
492	4.9200	-14	-68		
493	4.9300	-14	-70		
494	4.9400	-14	-71		
495	4.9500	-15	-72		
496	4.9600	-16	-73		
497	4.9700	-16	-74		
498	4.9800	-16	-74		
499	4.9900	-16	-74		
500	5.0000	-16	-74		
501	5.0100	-16	-73		
502	5.0200	-16	-72		
503	5.0300	-16	-71		
504	5.0400	-15	-70		
505	5.0500	-15	-68		
506	5.0600	-14	-66		
507	5.0700	-14	-63		
508	5.0800	-13	-60		
509	5.0900	-12	-57		
510	5.1000	-11	-54		
511	5.1100	-10	-50		
512	5.1200	-10	-46		
513	5.1300	-8	-43		
514	5.1400	-8	-38		
515	5.1500	-6	-34		
516	5.1600	-5	-30		
517	5.1700	-4	-25		
518	5.1800	-2	-20		
519	5.1900	-1	-16		
520	5.2000	0	-11		
521	5.2100	2	-6		
522	5.2200	3	-1		
523	5.2300	4	4		
524	5.2400	6	9		
525	5.2500	7	14		
526	5.2600	9	19		
527	5.2700	10	24		
528	5.2800	12	28		
529	5.2900	13	33		
530	5.3000	14	38		
531	5.3100	16	42		
532	5.3200	16	46		
533	5.3300	18	50		
534	5.3400	19	54		
535	5.3500	20	58		
536	5.3600	21	61		
537	5.3700	22	64		
538	5.3800	22	67		
539	5.3900	23	70		
540	5.4000	24	72		
541	5.4100	24	74		
542	5.4200	25	76		
543	5.4300	26	77		
544	5.4400	26	78		
545	5.4500	26	79		
546	5.4600	26	80		
547	5.4700	26	80		
548	5.4800	26	80		
549	5.4900	26	79		
550	5.5000	26	78		
551	5.5100	26	77		
552	5.5200	26	76		
553	5.5300	25	74		
554	5.5400	24	72		
555	5.5500	24	70		
556	5.5600	23	68		
557	5.5700	22	65		
558	5.5800	22	62		
559	5.5900	21	58		
560	5.6000	20	55		
561	5.6100	18	51		
562	5.6200	18	47		
563	5.6300	16	43		
564	5.6400	15	39		
565	5.6500	14	35		
566	5.6600	12	30		
567	5.6700	11	26		
568	5.6800	10	21		
569	5.6900	8	16		
570	5.7000	7	11		
571	5.7100	6	6		
572	5.7200	4	1		
573	5.7300	3	-4		
574	5.7400	2	-8		
575	5.7500	0	-13		
576	5.7600	-1	-18		
577	5.7700	-2	-22		
578	5.7800	-4	-27		
579	5.7900	-5	-31		
580	5.8000	-6	-36		
581	5.8100	-8	-40		
582	5.8200	-9	-44		
583	5.8300	-10	-47		
584	5.8400	-10	-50		
585	5.8500	-12	-54		
586	5.8600	-12	-57		
587	5.8700	-13	-60		
588	5.8800	-14	-62		
589	5.8900	-14	-64		
590	5.9000	-15	-66		
591	5.9100	-15	-68		
592	5.9200	-16	-69		
593	5.9300	-16	-70		
594	5.9400	-16	-71		
595	5.9500	-16	-72		
596	5.9600	-16	-72		
597	5.9700	-16	-71		
598	5.9800	-16	-71		
599	5.9900	-15	-70		
600	6.0000	-15	-69		
601	6.0100	-14	-68		
602	6.0200	-14	-66		
603	6.0300	-13	-64		
604	6.0400	-12	-62		
605	6.0500	-12	-59		
606	6.0600	-11	-56		
607	6.0700	-10	-53		
608	6.0800	-9	-50		
609	6.0900	-8	-46		
610	6.1000	-6	-42		
611	6.1100	-6	-38		
612	6.1200	-4	-34		
613	6.1300	-3	-30		
614	6.1400	-2	-26		
615	6.1500	0	-21		
616	6.1600	1	-16		
617	6.1700	3	-12		
618	6.1800	4	-7		
619	6.1900	6	-2		
620	6.2000	7	3		
621	6.2100	8	8		
622	6.2200	10	12		
623	6.2300	11	18		
624	6.2400	12	22		
625	6.2500	14	27		
626	6.2600	15	32		
627	6.2700	16	36		
628	6.2800	18	40		
629	6.2900	18	44		
630	6.3000	20	48		
631	6.3100	21	52		
632	6.3200	22	56		
633	6.3300	22	60		
634	6.3400	23	63		
635	6.3500	24	66		
636	6.3600	25	68		
637	6.3700	25	71		
638	6.3800	26	73		
639	6.3900	26	75		
640	6.4000	26	76		
641	6.4100	26	78		
642	6.4200	27	79		
643	6.4300	27	80		
644	6.4400	27	80		
645	6.4500	26	80		
646	6.4600	26	80		
647	6.4700	26	79		
648	6.4800	26	78		
649	6.4900	25	77		
650	6.5000	24	75		
651	6.5100	24	74		
652	6.5200	23	71		
653	6.5300	22	69		
654	6.5400	21	66		
655	6.5500	20	64		
656	6.5600	19	60		
657	6.5700	18	57		
658	6.5800	17	53		
659	6.5900	16	49		
660	6.6000	14	45		
661	6.6100	13	41		
662	6.6200	12	36		
663	6.6300	10	32		
664	6.6400	9	27		
665	6.6500	8	22		
666	6.6600	6	18		
667	6.6700	4	13		
668	6.6800	3	8		
669	6.6900	2	3		
670	6.7000	0	-2		
671	6.7100	-1	-7		
672	6.7200	-2	-12		
673	6.7300	-4	-17		
674	6.7400	-5	-22		
675	6.7500	-6	-26		
676	6.7600	-8	-31		
677	6.7700	-8	-36		
678	6.7800	-10	-40		
679	6.7900	-10	-44		
680	6.8000	-12	-48		
681	6.8100	-12	-52		
682	6.8200	-13	-55		
683	6.8300	-14	-58		
684	6.8400	-14	-61		
685	6.8500	-15	-64		
686	6.8600	-16	-66		
687	6.8700	-16	-68		
688	6.8800	-16	-70		
689	6.8900	-16	-72		
690	6.9000	-16	-73		
691	6.9100	-16	-74		
692	6.9200	-16	-75		
693	6.9300	-16	-75		
694	6.9400	-16	-75		
695	6.9500	-15	-74		
696	6.9600	-14	-74		
697	6.9700	-14	-72		
698	6.9800	-14	-71		
699	6.9900	-13	-70		
700	7.0000	-12	-68		
701	7.0100	-11	-65		
702	7.0200	-10	-62		
703	7.0300	-9	-60		
704	7.0400	-8	-56		
705	7.0500	-7	-53		
706	7.0600	-6	-49		
707	7.0700	-4	-45		
708	7.0800	-3	-41		
709	7.0900	-2	-37		
710	7.1000	-1	-32		
711	7.1100	1	-28		
712	7.1200	2	-23		
713	7.1300	4	-18		
714	7.1400	5	-13		
715	7.1500	6	-8		
716	7.1600	8	-3		
717	7.1700	9	2		
718	7.1800	11	8		
719	7.1900	12	13		
720	7.2000	14	18		
721	7.2100	15	23		
722	7.2200	16	28		
723	7.2300	17	33		
724	7.2400	18	38		
725	7.2500	19	43		
726	7.2600	20	48		
727	7.2700	21	52		
728	7.2800	22	56		
729	7.2900	23	60		
730	7.3000	24	64		
731	7.3100	24	67		
732	7.3200	25	70		
733	7.3300	26	74		
734	7.3400	26	76		
735	7.3500	26	78		
736	7.3600	26	80		
737	7.3700	27	82		
738	7.3800	27	84		
739	7.3900	27	85		
740	7.4000	26	86		
741	7.4100	26	86		
742	7.4200	26	86		
743	7.4300	26	86		
744	7.4400	25	85		
745	7.4500	24	84		
746	7.4600	24	82		
747	7.4700	23	81		
748	7.4800	22	79		
749	7.4900	21	76		
750	7.5000	20	74		
751	7.5100	19	71		
752	7.5200	18	68		
753	7.5300	17	64		
754	7.5400	16	60		
755	7.5500	15	56		
756	7.5600	13	52		
757	7.5700	12	48		
758	7.5800	10	43		
759	7.5900	9	38		
760	7.6000	8	33		
761	7.6100	6	28		
762	7.6200	5	22		
763	7.6300	4	17		
764	7.6400	2	12		
765	7.6500	1	6		
766	7.6600	0	1		
767	7.6700	-2	-5		
768	7.6800	-3	-10		
769	7.6900	-4	-16		
770	7.7000	-6	-21		
771	7.7100	-7	-26		
772	7.7200	-8	-32		
773	7.7300	-9	-36		
774	7.7400	-10	-41		
775	7.7500	-11	-46		
776	7.7600	-12	-50		
777	7.7700	-13	-55		
778	7.7800	-14	-59		
779	7.7900	-14	-62		
780	7.8000	-15	-66		
781	7.8100	-15	-69		
782	7.8200	-16	-72		
783	7.8300	-16	-75		
784	7.8400	-16	-77		
785	7.8500	-16	-79		
786	7.8600	-16	-80		
787	7.8700	-16	-82		
788	7.8800	-16	-82		
789	7.8900	-16	-83		
790	7.9000	-15	-83		
791	7.9100	-15	-82		
792	7.9200	-14	-82		
793	7.9300	-14	-81		
794	7.9400	-13	-80		
795	7.9500	-12	-78		
796	7.9600	-11	-76		
797	7.9700	-10	-73		
798	7.9800	-10	-70		
799	7.9900	-8	-67		
800	8.0000	-8	-64		
801	8.0100	-6	-60		
802	8.0200	-5	-56		
803	8.0300	-4	-52		
804	8.0400	-2	-47		
805	8.0500	-1	-42		
806	8.0600	0	-38		
807	8.0700	2	-32		
808	8.0800	3	-27		
809	8.0900	4	-22		
810	8.1000	6	-16		
811	8.1100	7	-10		
812	8.1200	9	-4		
813	8.1300	10	1		
814	8.1400	12	7		
815	8.1500	13	13		
816	8.1600	14	19		
817	8.1700	16	24		
818	8.1800	17	30		
819	8.1900	18	36		
820	8.2000	19	41		
821	8.2100	20	47		
822	8.2200	21	52		
823	8.2300	22	57		
824	8.2400	23	61		
825	8.2500	24	66		
826	8.2600	24	70		
827	8.2700	25	74		
828	8.2800	26	78		
829	8.2900	26	81		
830	8.3000	26	84		
831	8.3100	27	87		
832	8.3200	27	89		
833	8.3300	27	91		
834	8.3400	27	93		
835	8.3500	27	94		
836	8.3600	26	95		
837	8.3700	26	95		
838	8.3800	26	95		
839	8.3900	25	95		
840	8.4000	25	94		
841	8.4100	24	93		
842	8.4200	24	91		
843	8.4300	22	89		
844	8.4400	22	87		
845	8.4500	21	84		
846	8.4600	20	81		
847	8.4700	19	78		
848	8.4800	18	74		
849	8.4900	16	70		
850	8.5000	15	66		
851	8.5100	14	62		
852	8.5200	12	56		
853	8.5300	11	52		
854	8.5400	10	46		
855	8.5500	8	41		
856	8.5600	7	35		
857	8.5700	6	29		
858	8.5800	4	23		
859	8.5900	2	17		
860	8.6000	1	11		
861	8.6100	0	5		
862	8.6200	-2	-2		
863	8.6300	-3	-8		
864	8.6400	-4	-14		
865	8.6500	-6	-20		
866	8.6600	-7	-26		
867	8.6700	-8	-32		
868	8.6800	-9	-37		
869	8.6900	-10	-43		
870	8.7000	-11	-48		
871	8.7100	-12	-54		
872	8.7200	-13	-58		
873	8.7300	-14	-63		
874	8.7400	-14	-68		
875	8.7500	-15	-72		
876	8.7600	-15	-76		
877	8.7700	-16	-79		
878	8.7800	-16	-82		
879	8.7900	-16	-85		
880	8.8000	-16	-87		
881	8.8100	-16	-89		
882	8.8200	-16	-90		
883	8.8300	-16	-92		
884	8.8400	-16	-92		
885	8.8500	-16	-93		
886	8.8600	-15	-92		
887	8.8700	-14	-92		
888	8.8800	-14	-91		
889	8.8900	-13	-90		
890	8.9000	-12	-88		
891	8.9100	-12	-86		
892	8.9200	-11	-83		
893	8.9300	-10	-80		
894	8.9400	-9	-77		
895	8.9500	-8	-73		
896	8.9600	-6	-69		
897	8.9700	-6	-65		
898	8.9800	-4	-60		
899	8.9900	-3	-55		
900	9.0000	-2	-50		
901	9.0100	0	-44		
902	9.0200	1	-38		
903	9.0300	3	-33		
904	9.0400	4	-27		
905	9.0500	6	-20		
906	9.0600	7	-14		
907	9.0700	8	-8		
908	9.0800	10	-1		
909	9.0900	11	5		
910	9.1000	12	12		
911	9.1100	14	18		
912	9.1200	15	25		
913	9.1300	16	32		
914	9.1400	18	38		
915	9.1500	19	44		
916	9.1600	20	50		
917	9.1700	21	56		
918	9.1800	22	61		
919	9.1900	23	66		
920	9.2000	24	72		
921	9.2100	24	76		
922	9.2200	25	81		
923	9.2300	26	85		
924	9.2400	26	89		
925	9.2500	26	92		
926	9.2600	27	95		
927	9.2700	27	98		
928	9.2800	27	100		
929	9.2900	27	102		
930	9.3000	27	103		
931	9.3100	27	104		
932	9.3200	26	105		
933	9.3300	26	105		
934	9.3400	26	105		
935	9.3500	25	104		
936	9.3600	24	102		
937	9.3700	24	101		
938	9.3800	23	99		
939	9.3900	22	96		
940	9.4000	21	93		
941	9.4100	20	90		
942	9.4200	19	86		
943	9.4300	18	82		
944	9.4400	17	78		
945	9.4500	16	73		
946	9.4600	14	68		
947	9.4700	13	62		
948	9.4800	12	57		
949	9.4900	10	51		
950	9.5000	8	45		
951	9.5100	7	38		
952	9.5200	6	32		
953	9.5300	4	25		
954	9.5400	3	18		
955	9.5500	2	12		
956	9.5600	0	5		
957	9.5700	-1	-2		
958	9.5800	-2	-9		
959	9.5900	-4	-16		
960	9.6000	-5	-22		
961	9.6100	-6	-29		
962	9.6200	-8	-36		
963	9.6300	-9	-42		
964	9.6400	-10	-48		
965	9.6500	-11	-54		
966	9.6600	-12	-60		
967	9.6700	-13	-65		
968	9.6800	-14	-70		
969	9.6900	-14	-75		
970	9.7000	-15	-80		
971	9.7100	-15	-84		
972	9.7200	-16	-88		
973	9.7300	-16	-91		
974	9.7400	-16	-94		
975	9.7500	-16	-96		
976	9.7600	-16	-98		
977	9.7700	-16	-100		
978	9.7800	-16	-101		
979	9.7900	-16	-102		
980	9.8000	-16	-102		
981	9.8100	-15	-102		
982	9.8200	-15	-101		
983	9.8300	-14	-100		
984	9.8400	-14	-98		
985	9.8500	-13	-96		
986	9.8600	-12	-94		
987	9.8700	-11	-91		
988	9.8800	-10	-87		
989	9.8900	-9	-84		
990	9.9000	-8	-80		
991	9.9100	-7	-75		
992	9.9200	-6	-70		
993	9.9300	-4	-65		
994	9.9400	-3	-59		
995	9.9500	-2	-53		
996	9.9600	0	-47		
997	9.9700	1	-41		
998	9.9800	2	-34		
999	9.9900	4	-28		
1000	10.0000	5	-21		
