#	time(s)	count A	count B	count C	count D
1	0.0100	-1	35		
2	0.0200	-1	37		
3	0.0300	-2	39		
4	0.0400	-2	40		
5	0.0500	-2	41		
6	0.0600	-3	42		
7	0.0700	-4	43		
8	0.0800	-4	44		
9	0.0900	-5	44		
10	0.1000	-6	44		
11	0.1100	-6	44		
12	0.1200	-7	44		
13	0.1300	-8	43		
14	0.1400	-8	42		
15	0.1500	-9	41		
16	0.1600	-10	40		
17	0.1700	-11	38		
18	0.1800	-12	37		
19	0.1900	-12	35		
20	0.2000	-13	33		
21	0.2100	-14	30		
22	0.2200	-15	28		
23	0.2300	-16	25		
24	0.2400	-16	22		
25	0.2500	-17	19		
26	0.2600	-18	16		
27	0.2700	-19	12		
28	0.2800	-19	9		
29	0.2900	-20	5		
30	0.3000	-21	2		
31	0.3100	-21	-2		
32	0.3200	-22	-6		
33	0.3300	-22	-10		
34	0.3400	-23	-14		
35	0.3500	-23	-18		
36	0.3600	-24	-22		
37	0.3700	-24	-25		
38	0.3800	-24	-29		
39	0.3900	-24	-32		
40	0.4000	-24	-36		
41	0.4100	-24	-40		
42	0.4200	-24	-43		
43	0.4300	-24	-46		
44	0.4400	-24	-49		
45	0.4500	-24	-52		
46	0.4600	-24	-55		
47	0.4700	-24	-57		
48	0.4800	-24	-60		
49	0.4900	-24	-62		
50	0.5000	-23	-63		
51	0.5100	-22	-65		
52	0.5200	-22	-66		
53	0.5300	-22	-67		
54	0.5400	-21	-68		
55	0.5500	-20	-68		
56	0.5600	-20	-69		
57	0.5700	-19	-68		
58	0.5800	-18	-68		
59	0.5900	-18	-68		
60	0.6000	-17	-66		
61	0.6100	-16	-65		
62	0.6200	-16	-64		
63	0.6300	-15	-62		
64	0.6400	-14	-60		
65	0.6500	-13	-58		
66	0.6600	-12	-55		
67	0.6700	-12	-52		
68	0.6800	-11	-49		
69	0.6900	-10	-46		
70	0.7000	-9	-43		
71	0.7100	-8	-39		
72	0.7200	-8	-35		
73	0.7300	-7	-31		
74	0.7400	-6	-27		
75	0.7500	-5	-23		
76	0.7600	-4	-19		
77	0.7700	-4	-14		
78	0.7800	-3	-10		
79	0.7900	-3	-6		
80	0.8000	-2	-1		
81	0.8100	-2	4		
82	0.8200	-1	8		
83	0.8300	-1	12		
84	0.8400	0	17		
85	0.8500	0	21		
86	0.8600	0	25		
87	0.8700	0	29		
88	0.8800	0	33		
89	0.8900	0	37		
90	0.9000	0	40		
91	0.9100	0	44		
92	0.9200	0	47		
93	0.9300	0	50		
94	0.9400	0	52		
95	0.9500	0	55		
96	0.9600	0	57		
97	0.9700	-1	59		
98	0.9800	-1	60		
99	0.9900	-2	61		
100	1.0000	-2	62		
101	1.0100	-3	63		
102	1.0200	-3	63		
103	1.0300	-4	63		
104	1.0400	-4	63		
105	1.0500	-5	62		
106	1.0600	-6	61		
107	1.0700	-6	60		
108	1.0800	-7	58		
109	1.0900	-8	56		
110	1.1000	-9	54		
111	1.1100	-10	51		
112	1.1200	-10	48		
113	1.1300	-12	45		
114	1.1400	-12	42		
115	1.1500	-13	38		
116	1.1600	-14	34		
117	1.1700	-15	30		
118	1.1800	-16	26		
119	1.1900	-16	21		
120	1.2000	-17	16		
121	1.2100	-18	12		
122	1.2200	-18	7		
123	1.2300	-19	2		
124	1.2400	-20	-3		
125	1.2500	-20	-8		
126	1.2600	-21	-13		
127	1.2700	-22	-18		
128	1.2800	-22	-24		
129	1.2900	-23	-28		
130	1.3000	-23	-33		
131	1.3100	-24	-38		
132	1.3200	-24	-43		
133	1.3300	-24	-48		
134	1.3400	-24	-52		
135	1.3500	-24	-56		
136	1.3600	-24	-60		
137	1.3700	-25	-64		
138	1.3800	-25	-67		
139	1.3900	-24	-70		
140	1.4000	-24	-74		
141	1.4100	-24	-76		
142	1.4200	-24	-78		
143	1.4300	-24	-81		
144	1.4400	-24	-82		
145	1.4500	-23	-84		
146	1.4600	-23	-85		
147	1.4700	-22	-85		
148	1.4800	-22	-86		
149	1.4900	-21	-86		
150	1.5000	-21	-85		
151	1.5100	-20	-84		
152	1.5200	-20	-83		
153	1.5300	-19	-82		
154	1.5400	-18	-80		
155	1.5500	-17	-78		
156	1.5600	-16	-75		
157	1.5700	-16	-72		
158	1.5800	-15	-69		
159	1.5900	-14	-66		
160	1.6000	-13	-62		
161	1.6100	-12	-58		
162	1.6200	-12	-53		
163	1.6300	-11	-49		
164	1.6400	-10	-44		
165	1.6500	-9	-39		
166	1.6600	-8	-34		
167	1.6700	-8	-29		
168	1.6800	-7	-24		
169	1.6900	-6	-18		
170	1.7000	-6	-12		
171	1.7100	-5	-7		
172	1.7200	-4	-1		
173	1.7300	-4	4		
174	1.7400	-3	10		
175	1.7500	-2	15		
176	1.7600	-2	21		
177	1.7700	-1	26		
178	1.7800	-1	31		
179	1.7900	0	36		
180	1.8000	0	41		
181	1.8100	0	46		
182	1.8200	0	50		
183	1.8300	0	54		
184	1.8400	0	58		
185	1.8500	0	62		
186	1.8600	0	65		
187	1.8700	0	68		
188	1.8800	0	70		
189	1.8900	0	72		
190	1.9000	0	74		
191	1.9100	0	76		
192	1.9200	-1	77		
193	1.9300	-1	78		
194	1.9400	-2	78		
195	1.9500	-2	78		
196	1.9600	-2	78		
197	1.9700	-3	77		
198	1.9800	-4	76		
199	1.9900	-4	74		
200	2.0000	-5	72		
201	2.0100	-6	70		
202	2.0200	-6	67		
203	2.0300	-7	64		
204	2.0400	-8	60		
205	2.0500	-9	56		
206	2.0600	-10	52		
207	2.0700	-10	48		
208	2.0800	-11	43		
209	2.0900	-12	38		
210	2.1000	-13	33		
211	2.1100	-14	28		
212	2.1200	-14	22		
213	2.1300	-16	17		
214	2.1400	-16	11		
215	2.1500	-17	5		
216	2.1600	-18	-1		
217	2.1700	-18	-7		
218	2.1800	-19	-13		
219	2.1900	-20	-19		
220	2.2000	-20	-25		
221	2.2100	-21	-31		
222	2.2200	-22	-37		
223	2.2300	-22	-42		
224	2.2400	-23	-48		
225	2.2500	-23	-53		
226	2.2600	-24	-58		
227	2.2700	-24	-64		
228	2.2800	-24	-68		
229	2.2900	-24	-73		
230	2.3000	-24	-77		
231	2.3100	-24	-81		
232	2.3200	-25	-84		
233	2.3300	-25	-87		
234	2.3400	-25	-90		
235	2.3500	-24	-92		
236	2.3600	-24	-95		
237	2.3700	-24	-96		
238	2.3800	-24	-97		
239	2.3900	-24	-98		
240	2.4000	-23	-99		
241	2.4100	-23	-98		
242	2.4200	-22	-98		
243	2.4300	-22	-97		
244	2.4400	-22	-96		
245	2.4500	-21	-94		
246	2.4600	-20	-92		
247	2.4700	-20	-90		
248	2.4800	-19	-86		
249	2.4900	-18	-83		
250	2.5000	-18	-80		
251	2.5100	-17	-76		
252	2.5200	-16	-71		
253	2.5300	-15	-66		
254	2.5400	-14	-62		
255	2.5500	-14	-56		
256	2.5600	-13	-51		
257	2.5700	-12	-45		
258	2.5800	-11	-39		
259	2.5900	-10	-33		
260	2.6000	-10	-27		
261	2.6100	-8	-21		
262	2.6200	-8	-14		
263	2.6300	-7	-8		
264	2.6400	-6	-2		
265	2.6500	-6	5		
266	2.6600	-5	11		
267	2.6700	-4	17		
268	2.6800	-4	24		
269	2.6900	-3	30		
270	2.7000	-2	35		
271	2.7100	-2	41		
272	2.7200	-1	47		
273	2.7300	-1	52		
274	2.7400	0	57		
275	2.7500	0	62		
276	2.7600	0	66		
277	2.7700	0	70		
278	2.7800	0	74		
279	2.7900	0	77		
280	2.8000	0	80		
281	2.8100	0	82		
282	2.8200	0	85		
283	2.8300	0	86		
284	2.8400	0	88		
285	2.8500	0	88		
286	2.8600	0	89		
287	2.8700	0	89		
288	2.8800	-1	88		
289	2.8900	-1	87		
290	2.9000	-2	86		
291	2.9100	-2	84		
292	2.9200	-3	82		
293	2.9300	-4	79		
294	2.9400	-4	76		
295	2.9500	-5	73		
296	2.9600	-6	69		
297	2.9700	-6	64		
298	2.9800	-7	60		
299	2.9900	-8	55		
300	3.0000	-8	50		
301	3.0100	-10	44		
302	3.0200	-10	39		
303	3.0300	-11	33		
304	3.0400	-12	27		
305	3.0500	-13	20		
306	3.0600	-14	14		
307	3.0700	-14	8		
308	3.0800	-15	1		
309	3.0900	-16	-6		
310	3.1000	-17	-12		
311	3.1100	-18	-19		
312	3.1200	-18	-26		
313	3.1300	-19	-32		
314	3.1400	-20	-39		
315	3.1500	-20	-45		
316	3.1600	-21	-51		
317	3.1700	-22	-57		
318	3.1800	-22	-63		
319	3.1900	-23	-68		
320	3.2000	-23	-73		
321	3.2100	-24	-78		
322	3.2200	-24	-83		
323	3.2300	-24	-87		
324	3.2400	-24	-91		
325	3.2500	-24	-94		
326	3.2600	-25	-98		
327	3.2700	-25	-100		
328	3.2800	-25	-102		
329	3.2900	-25	-104		
330	3.3000	-25	-106		
331	3.3100	-24	-106		
332	3.3200	-24	-107		
333	3.3300	-24	-107		
334	3.3400	-24	-106		
335	3.3500	-24	-105		
336	3.3600	-23	-104		
337	3.3700	-22	-102		
338	3.3800	-22	-100		
339	3.3900	-22	-97		
340	3.4000	-21	-94		
341	3.4100	-20	-90		
342	3.4200	-20	-86		
343	3.4300	-19	-82		
344	3.4400	-18	-77		
345	3.4500	-18	-72		
346	3.4600	-17	-66		
347	3.4700	-16	-61		
348	3.4800	-15	-55		
349	3.4900	-14	-49		
350	3.5000	-14	-43		
351	3.5100	-13	-36		
352	3.5200	-12	-30		
353	3.5300	-11	-23		
354	3.5400	-10	-16		
355	3.5500	-10	-9		
356	3.5600	-8	-2		
357	3.5700	-8	4		
358	3.5800	-7	11		
359	3.5900	-6	18		
360	3.6000	-6	25		
361	3.6100	-5	31		
362	3.6200	-4	38		
363	3.6300	-4	44		
364	3.6400	-3	50		
365	3.6500	-2	55		
366	3.6600	-2	60		
367	3.6700	-1	65		
368	3.6800	-1	70		
369	3.6900	0	74		
370	3.7000	0	78		
371	3.7100	0	82		
372	3.7200	0	85		
373	3.7300	0	88		
374	3.7400	0	90		
375	3.7500	1	92		
376	3.7600	1	93		
377	3.7700	0	94		
378	3.7800	0	94		
379	3.7900	0	94		
380	3.8000	0	94		
381	3.8100	0	93		
382	3.8200	0	92		
383	3.8300	-1	90		
384	3.8400	-1	87		
385	3.8500	-2	84		
386	3.8600	-2	81		
387	3.8700	-3	78		
388	3.8800	-4	74		
389	3.8900	-4	69		
390	3.9000	-5	64		
391	3.9100	-6	59		
392	3.9200	-6	54		
393	3.9300	-7	48		
394	3.9400	-8	42		
395	3.9500	-8	36		
396	3.9600	-9	29		
397	3.9700	-10	23		
398	3.9800	-11	16		
399	3.9900	-12	9		
400	4.0000	-13	2		
401	4.0100	-14	-5		
402	4.0200	-14	-12		
403	4.0300	-15	-18		
404	4.0400	-16	-26		
405	4.0500	-17	-32		
406	4.0600	-18	-39		
407	4.0700	-18	-46		
408	4.0800	-19	-52		
409	4.0900	-20	-58		
410	4.1000	-20	-64		
411	4.1100	-21	-70		
412	4.1200	-22	-75		
413	4.1300	-22	-80		
414	4.1400	-22	-85		
415	4.1500	-23	-89		
416	4.1600	-24	-93		
417	4.1700	-24	-97		
418	4.1800	-24	-100		
419	4.1900	-24	-103		
420	4.2000	-24	-105		
421	4.2100	-25	-107		
422	4.2200	-25	-108		
423	4.2300	-25	-109		
424	4.2400	-25	-110		
425	4.2500	-25	-110		
426	4.2600	-24	-109		
427	4.2700	-24	-108		
428	4.2800	-24	-107		
429	4.2900	-24	-105		
430	4.3000	-24	-102		
431	4.3100	-23	-100		
432	4.3200	-23	-96		
433	4.3300	-22	-93		
434	4.3400	-22	-89		
435	4.3500	-21	-84		
436	4.3600	-20	-80		
437	4.3700	-20	-74		
438	4.3800	-19	-69		
439	4.3900	-18	-63		
440	4.4000	-18	-57		
441	4.4100	-17	-51		
442	4.4200	-16	-44		
443	4.4300	-15	-38		
444	4.4400	-14	-31		
445	4.4500	-14	-24		
446	4.4600	-13	-17		
447	4.4700	-12	-10		
448	4.4800	-11	-3		
449	4.4900	-10	4		
450	4.5000	-10	10		
451	4.5100	-9	18		
452	4.5200	-8	24		
453	4.5300	-7	31		
454	4.5400	-6	37		
455	4.5500	-6	43		
456	4.5600	-5	49		
457	4.5700	-4	55		
458	4.5800	-4	60		
459	4.5900	-3	65		
460	4.6000	-2	70		
461	4.6100	-2	74		
462	4.6200	-1	78		
463	4.6300	-1	82		
464	4.6400	0	85		
465	4.6500	0	88		
466	4.6600	0	90		
467	4.6700	0	92		
468	4.6800	0	94		
469	4.6900	0	94		
470	4.7000	1	95		
471	4.7100	1	95		
472	4.7200	1	94		
473	4.7300	0	94		
474	4.7400	0	92		
475	4.7500	0	90		
476	4.7600	0	88		
477	4.7700	0	85		
478	4.7800	-1	82		
479	4.7900	-1	78		
480	4.8000	-2	74		
481	4.8100	-2	70		
482	4.8200	-3	65		
483	4.8300	-3	60		
484	4.8400	-4	54		
485	4.8500	-4	49		
486	4.8600	-5	43		
487	4.8700	-6	37		
488	4.8800	-7	30		
489	4.8900	-8	24		
490	4.9000	-8	17		
491	4.9100	-9	10		
492	4.9200	-10	4		
493	4.9300	-11	-4		
494	4.9400	-12	-10		
495	4.9500	-13	-17		
496	4.9600	-14	-24		
497	4.9700	-14	-31		
498	4.9800	-15	-38		
499	4.9900	-16	-44		
500	5.0000	-17	-50		
501	5.0100	-18	-56		
502	5.0200	-18	-62		
503	5.0300	-19	-68		
504	5.0400	-20	-73		
505	5.0500	-20	-78		
506	5.0600	-21	-83		
507	5.0700	-22	-87		
508	5.0800	-22	-91		
509	5.0900	-22	-95		
510	5.1000	-23	-98		
511	5.1100	-24	-101		
512	5.1200	-24	-103		
513	5.1300	-24	-105		
514	5.1400	-24	-106		
515	5.1500	-24	-107		
516	5.1600	-25	-108		
517	5.1700	-25	-108		
518	5.1800	-25	-107		
519	5.1900	-25	-106		
520	5.2000	-25	-105		
521	5.2100	-24	-103		
522	5.2200	-24	-101		
523	5.2300	-24	-98		
524	5.2400	-24	-95		
525	5.2500	-24	-91		
526	5.2600	-23	-88		
527	5.2700	-23	-83		
528	5.2800	-22	-78		
529	5.2900	-22	-74		
530	5.3000	-21	-68		
531	5.3100	-20	-62		
532	5.3200	-20	-57		
533	5.3300	-19	-51		
534	5.3400	-18	-45		
535	5.3500	-18	-38		
536	5.3600	-17	-32		
537	5.3700	-16	-25		
538	5.3800	-16	-18		
539	5.3900	-14	-12		
540	5.4000	-14	-5		
541	5.4100	-13	2		
542	5.4200	-12	9		
543	5.4300	-11	15		
544	5.4400	-10	22		
545	5.4500	-10	28		
546	5.4600	-9	34		
547	5.4700	-8	40		
548	5.4800	-7	46		
549	5.4900	-6	52		
550	5.5000	-6	57		
551	5.5100	-5	62		
552	5.5200	-4	66		
553	5.5300	-4	70		
554	5.5400	-3	74		
555	5.5500	-2	78		
556	5.5600	-2	81		
557	5.5700	-2	84		
558	5.5800	-1	86		
559	5.5900	0	88		
560	5.6000	0	89		
561	5.6100	0	90		
562	5.6200	0	90		
563	5.6300	0	90		
564	5.6400	0	90		
565	5.6500	1	89		
566	5.6600	1	88		
567	5.6700	0	86		
568	5.6800	0	84		
569	5.6900	0	81		
570	5.7000	0	78		
571	5.7100	0	75		
572	5.7200	0	71		
573	5.7300	-1	67		
574	5.7400	-1	62		
575	5.7500	-2	58		
576	5.7600	-2	52		
577	5.7700	-3	47		
578	5.7800	-3	42		
579	5.7900	-4	36		
580	5.8000	-4	30		
581	5.8100	-5	23		
582	5.8200	-6	17		
583	5.8300	-7	11		
584	5.8400	-8	4		
585	5.8500	-8	-2		
586	5.8600	-9	-9		
587	5.8700	-10	-15		
588	5.8800	-11	-22		
589	5.8900	-12	-28		
590	5.9000	-12	-34		
591	5.9100	-13	-40		
592	5.9200	-14	-46		
593	5.9300	-15	-52		
594	5.9400	-16	-58		
595	5.9500	-16	-63		
596	5.9600	-18	-68		
597	5.9700	-18	-73		
598	5.9800	-19	-77		
599	5.9900	-20	-81		
600	6.0000	-20	-85		
601	6.0100	-21	-88		
602	6.0200	-22	-91		
603	6.0300	-22	-94		
604	6.0400	-22	-96		
605	6.0500	-23	-98		
606	6.0600	-23	-99		
607	6.0700	-24	-100		
608	6.0800	-24	-101		
609	6.0900	-24	-101		
610	6.1000	-24	-100		
611	6.1100	-24	-100		
612	6.1200	-25	-98		
613	6.1300	-25	-96		
614	6.1400	-25	-94		
615	6.1500	-25	-92		
616	6.1600	-24	-89		
617	6.1700	-24	-86		
618	6.1800	-24	-82		
619	6.1900	-24	-78		
620	6.2000	-24	-74		
621	6.2100	-23	-70		
622	6.2200	-23	-64		
623	6.2300	-22	-60		
624	6.2400	-22	-54		
625	6.2500	-21	-49		
626	6.2600	-20	-43		
627	6.2700	-20	-37		
628	6.2800	-19	-31		
629	6.2900	-18	-25		
630	6.3000	-18	-19		
631	6.3100	-17	-13		
632	6.3200	-16	-6		
633	6.3300	-16	0		
634	6.3400	-15	6		
635	6.3500	-14	12		
636	6.3600	-13	18		
637	6.3700	-12	24		
638	6.3800	-12	29		
639	6.3900	-10	35		
640	6.4000	-10	40		
641	6.4100	-9	45		
642	6.4200	-8	50		
643	6.4300	-7	54		
644	6.4400	-6	59		
645	6.4500	-6	62		
646	6.4600	-5	66		
647	6.4700	-4	69		
648	6.4800	-4	72		
649	6.4900	-3	74		
650	6.5000	-2	76		
651	6.5100	-2	78		
652	6.5200	-2	80		
653	6.5300	-1	80		
654	6.5400	-1	81		
655	6.5500	0	81		
656	6.5600	0	81		
657	6.5700	0	80		
658	6.5800	0	79		
659	6.5900	0	77		
660	6.6000	0	75		
661	6.6100	0	73		
662	6.6200	0	70		
663	6.6300	0	67		
664	6.6400	0	64		
665	6.6500	0	60		
666	6.6600	0	56		
667	6.6700	0	52		
668	6.6800	-1	48		
669	6.6900	-1	43		
670	6.7000	-2	38		
671	6.7100	-2	32		
672	6.7200	-3	27		
673	6.7300	-3	22		
674	6.7400	-4	16		
675	6.7500	-4	10		
676	6.7600	-5	5		
677	6.7700	-6	-1		
678	6.7800	-7	-7		
679	6.7900	-8	-13		
680	6.8000	-8	-18		
681	6.8100	-9	-24		
682	6.8200	-10	-30		
683	6.8300	-11	-35		
684	6.8400	-12	-40		
685	6.8500	-12	-46		
686	6.8600	-13	-50		
687	6.8700	-14	-55		
688	6.8800	-15	-60		
689	6.8900	-16	-64		
690	6.9000	-16	-68		
691	6.9100	-17	-72		
692	6.9200	-18	-75		
693	6.9300	-19	-78		
694	6.9400	-20	-80		
695	6.9500	-20	-83		
696	6.9600	-21	-85		
697	6.9700	-21	-86		
698	6.9800	-22	-88		
699	6.9900	-22	-88		
700	7.0000	-23	-89		
701	7.0100	-23	-89		
702	7.0200	-24	-89		
703	7.0300	-24	-88		
704	7.0400	-24	-87		
705	7.0500	-24	-86		
706	7.0600	-24	-84		
707	7.0700	-25	-82		
708	7.0800	-25	-80		
709	7.0900	-25	-77		
710	7.1000	-24	-74		
711	7.1100	-24	-70		
712	7.1200	-24	-67		
713	7.1300	-24	-63		
714	7.1400	-24	-59		
715	7.1500	-24	-54		
716	7.1600	-23	-50		
717	7.1700	-23	-45		
718	7.1800	-22	-40		
719	7.1900	-22	-35		
720	7.2000	-21	-30		
721	7.2100	-20	-25		
722	7.2200	-20	-19		
723	7.2300	-19	-14		
724	7.2400	-18	-9		
725	7.2500	-18	-4		
726	7.2600	-17	2		
727	7.2700	-16	7		
728	7.2800	-16	12		
729	7.2900	-15	17		
730	7.3000	-14	22		
731	7.3100	-13	27		
732	7.3200	-12	31		
733	7.3300	-12	36		
734	7.3400	-11	40		
735	7.3500	-10	44		
736	7.3600	-9	47		
737	7.3700	-8	51		
738	7.3800	-8	54		
739	7.3900	-7	56		
740	7.4000	-6	59		
741	7.4100	-5	61		
742	7.4200	-4	63		
743	7.4300	-4	64		
744	7.4400	-3	66		
745	7.4500	-3	66		
746	7.4600	-2	67		
747	7.4700	-2	67		
748	7.4800	-1	67		
749	7.4900	-1	66		
750	7.5000	0	66		
751	7.5100	0	64		
752	7.5200	0	63		
753	7.5300	0	61		
754	7.5400	0	59		
755	7.5500	0	56		
756	7.5600	0	54		
757	7.5700	0	51		
758	7.5800	0	48		
759	7.5900	0	44		
760	7.6000	0	40		
761	7.6100	0	36		
762	7.6200	0	32		
763	7.6300	-1	28		
764	7.6400	-1	24		
765	7.6500	-2	19		
766	7.6600	-2	15		
767	7.6700	-2	10		
768	7.6800	-3	5		
769	7.6900	-4	0		
770	7.7000	-4	-4		
771	7.7100	-5	-9		
772	7.7200	-6	-14		
773	7.7300	-6	-18		
774	7.7400	-7	-23		
775	7.7500	-8	-28		
776	7.7600	-9	-32		
777	7.7700	-10	-36		
778	7.7800	-10	-40		
779	7.7900	-12	-44		
780	7.8000	-12	-48		
781	7.8100	-13	-52		
782	7.8200	-14	-55		
783	7.8300	-15	-58		
784	7.8400	-16	-61		
785	7.8500	-16	-63		
786	7.8600	-17	-66		
787	7.8700	-18	-68		
788	7.8800	-18	-69		
789	7.8900	-19	-71		
790	7.9000	-20	-72		
791	7.9100	-20	-73		
792	7.9200	-21	-73		
793	7.9300	-22	-73		
794	7.9400	-22	-73		
795	7.9500	-23	-73		
796	7.9600	-23	-72		
797	7.9700	-24	-71		
798	7.9800	-24	-70		
799	7.9900	-24	-68		
800	8.0000	-24	-67		
801	8.0100	-24	-64		
802	8.0200	-24	-62		
803	8.0300	-24	-60		
804	8.0400	-24	-57		
805	8.0500	-24	-54		
806	8.0600	-24	-51		
807	8.0700	-24	-47		
808	8.0800	-24	-44		
809	8.0900	-24	-40		
810	8.1000	-24	-36		
811	8.1100	-23	-32		
812	8.1200	-23	-28		
813	8.1300	-22	-24		
814	8.1400	-22	-20		
815	8.1500	-21	-16		
816	8.1600	-21	-12		
817	8.1700	-20	-8		
818	8.1800	-20	-3		
819	8.1900	-19	1		
820	8.2000	-18	5		
821	8.2100	-17	9		
822	8.2200	-16	13		
823	8.2300	-16	16		
824	8.2400	-15	20		
825	8.2500	-14	24		
826	8.2600	-13	27		
827	8.2700	-12	30		
828	8.2800	-12	33		
829	8.2900	-11	36		
830	8.3000	-10	38		
831	8.3100	-9	40		
832	8.3200	-8	42		
833	8.3300	-8	44		
834	8.3400	-7	46		
835	8.3500	-6	47		
836	8.3600	-6	48		
837	8.3700	-5	49		
838	8.3800	-4	50		
839	8.3900	-4	50		
840	8.4000	-3	50		
841	8.4100	-2	50		
842	8.4200	-2	49		
843	8.4300	-1	48		
844	8.4400	-1	48		
845	8.4500	-1	46		
846	8.4600	0	45		
847	8.4700	0	43		
848	8.4800	0	41		
849	8.4900	0	39		
850	8.5000	0	37		
851	8.5100	0	34		
852	8.5200	0	32		
853	8.5300	0	28		
854	8.5400	0	26		
855	8.5500	0	22		
856	8.5600	0	19		
857	8.5700	0	16		
858	8.5800	-1	13		
859	8.5900	-1	9		
860	8.6000	-2	6		
861	8.6100	-2	2		
862	8.6200	-2	-1		
863	8.6300	-3	-5		
864	8.6400	-4	-8		
865	8.6500	-4	-12		
866	8.6600	-5	-15		
867	8.6700	-6	-19		
868	8.6800	-6	-22		
869	8.6900	-7	-25		
870	8.7000	-8	-28		
871	8.7100	-9	-31		
872	8.7200	-10	-34		
873	8.7300	-10	-37		
874	8.7400	-11	-39		
875	8.7500	-12	-42		
876	8.7600	-13	-44		
877	8.7700	-14	-46		
878	8.7800	-14	-48		
879	8.7900	-15	-49		
880	8.8000	-16	-51		
881	8.8100	-17	-52		
882	8.8200	-18	-53		
883	8.8300	-18	-54		
884	8.8400	-19	-54		
885	8.8500	-20	-55		
886	8.8600	-20	-55		
887	8.8700	-21	-55		
888	8.8800	-22	-54		
889	8.8900	-22	-54		
890	8.9000	-22	-53		
891	8.9100	-23	-52		
892	8.9200	-23	-51		
893	8.9300	-24	-50		
894	8.9400	-24	-48		
895	8.9500	-24	-47		
896	8.9600	-24	-45		
897	8.9700	-24	-43		
898	8.9800	-24	-41		
899	8.9900	-24	-39		
900	9.0000	-24	-36		
901	9.0100	-24	-34		
902	9.0200	-24	-32		
903	9.0300	-24	-29		
904	9.0400	-24	-26		
905	9.0500	-24	-23		
906	9.0600	-23	-20		
907	9.0700	-23	-18		
908	9.0800	-22	-15		
909	9.0900	-22	-12		
910	9.1000	-21	-9		
911	9.1100	-21	-6		
912	9.1200	-20	-4		
913	9.1300	-20	-1		
914	9.1400	-19	2		
915	9.1500	-18	4		
916	9.1600	-18	7		
917	9.1700	-17	10		
918	9.1800	-16	12		
919	9.1900	-15	14		
920	9.2000	-14	16		
921	9.2100	-14	18		
922	9.2200	-13	20		
923	9.2300	-12	22		
924	9.2400	-11	23		
925	9.2500	-10	25		
926	9.2600	-10	26		
927	9.2700	-9	27		
928	9.2800	-8	28		
929	9.2900	-7	29		
930	9.3000	-6	30		
931	9.3100	-6	30		
932	9.3200	-5	30		
933	9.3300	-4	30		
934	9.3400	-4	30		
935	9.3500	-3	30		
936	9.3600	-2	30		
937	9.3700	-2	29		
938	9.3800	-2	28		
939	9.3900	-1	28		
940	9.4000	-1	26		
941	9.4100	0	25		
942	9.4200	0	24		
943	9.4300	0	23		
944	9.4400	0	21		
945	9.4500	0	20		
946	9.4600	0	18		
947	9.4700	0	16		
948	9.4800	0	14		
949	9.4900	0	12		
950	9.5000	0	10		
951	9.5100	0	8		
952	9.5200	0	6		
953	9.5300	-1	4		
954	9.5400	-1	2		
955	9.5500	-2	0		
956	9.5600	-2	-2		
957	9.5700	-2	-4		
958	9.5800	-3	-6		
959	9.5900	-4	-8		
960	9.6000	-4	-10		
961	9.6100	-5	-12		
962	9.6200	-6	-15		
963	9.6300	-6	-16		
964	9.6400	-7	-18		
965	9.6500	-8	-20		
966	9.6600	-8	-22		
967	9.6700	-10	-23		
968	9.6800	-10	-25		
969	9.6900	-11	-26		
970	9.7000	-12	-28		
971	9.7100	-13	-29		
972	9.7200	-14	-30		
973	9.7300	-14	-31		
974	9.7400	-15	-32		
975	9.7500	-16	-32		
976	9.7600	-17	-33		
977	9.7700	-18	-34		
978	9.7800	-18	-34		
979	9.7900	-19	-34		
980	9.8000	-20	-34		
981	9.8100	-20	-34		
982	9.8200	-21	-34		
983	9.8300	-21	-34		
984	9.8400	-22	-34		
985	9.8500	-22	-34		
986	9.8600	-23	-33		
987	9.8700	-23	-32		
988	9.8800	-24	-32		
989	9.8900	-24	-31		
990	9.9000	-24	-30		
991	9.9100	-24	-29		
992	9.9200	-24	-28		
993	9.9300	-24	-27		
994	9.9400	-24	-26		
995	9.9500	-24	-25		
996	9.9600	-24	-24		
997	9.9700	-24	-22		
998	9.9800	-24	-21		
999	9.9900	-24	-20		
1000	10.0000	-24	-18		
1001	10.0100	-23	-17		
1002	10.0200	-23	-16		
1003	10.0300	-22	-14		
1004	10.0400	-22	-13		
1005	10.0500	-22	-11		
1006	10.0600	-21	-10		
1007	10.0700	-20	-8		
1008	10.0800	-20	-7		
1009	10.0900	-19	-6		
1010	10.1000	-18	-4		
1011	10.1100	-18	-3		
1012	10.1200	-17	-2		
1013	10.1300	-16	-1		
1014	10.1400	-15	0		
1015	10.1500	-14	2		
1016	10.1600	-14	2		
1017	10.1700	-13	4		
1018	10.1800	-12	4		
1019	10.1900	-11	5		
1020	10.2000	-10	6		
1021	10.2100	-10	7		
1022	10.2200	-9	8		
1023	10.2300	-8	8		
1024	10.2400	-7	9		
1025	10.2500	-6	9		
1026	10.2600	-6	10		
1027	10.2700	-5	10		
1028	10.2800	-4	10		
1029	10.2900	-4	10		
1030	10.3000	-3	10		
1031	10.3100	-3	11		
1032	10.3200	-2	11		
1033	10.3300	-2	11		
1034	10.3400	-1	10		
1035	10.3500	-1	10		
1036	10.3600	0	10		
1037	10.3700	0	10		
1038	10.3800	0	10		
1039	10.3900	0	9		
1040	10.4000	0	9		
1041	10.4100	0	8		
1042	10.4200	0	8		
1043	10.4300	0	8		
1044	10.4400	0	7		
1045	10.4500	0	6		
1046	10.4600	0	6		
1047	10.4700	0	5		
1048	10.4800	-1	4		
1049	10.4900	-1	4		
1050	10.5000	-2	3		
1051	10.5100	-2	2		
1052	10.5200	-2	2		
1053	10.5300	-3	1		
1054	10.5400	-4	0		
1055	10.5500	-4	-1		
1056	10.5600	-5	-2		
1057	10.5700	-6	-2		
1058	10.5800	-6	-3		
1059	10.5900	-7	-4		
1060	10.6000	-8	-5		
1061	10.6100	-8	-6		
1062	10.6200	-9	-6		
1063	10.6300	-10	-7		
1064	10.6400	-11	-8		
1065	10.6500	-12	-9		
1066	10.6600	-12	-10		
1067	10.6700	-13	-10		
1068	10.6800	-14	-11		
1069	10.6900	-15	-12		
1070	10.7000	-16	-12		
1071	10.7100	-16	-13		
1072	10.7200	-17	-14		
1073	10.7300	-18	-14		
1074	10.7400	-18	-15		
1075	10.7500	-19	-16		
1076	10.7600	-20	-16		
1077	10.7700	-20	-17		
1078	10.7800	-21	-17		
1079	10.7900	-22	-18		
1080	10.8000	-22	-18		
1081	10.8100	-23	-19		
1082	10.8200	-23	-19		
1083	10.8300	-24	-20		
1084	10.8400	-24	-20		
1085	10.8500	-24	-20		
1086	10.8600	-24	-21		
1087	10.8700	-24	-21		
1088	10.8800	-24	-21		
1089	10.8900	-24	-22		
1090	10.9000	-24	-22		
1091	10.9100	-24	-22		
1092	10.9200	-24	-22		
1093	10.9300	-24	-22		
1094	10.9400	-24	-22		
1095	10.9500	-24	-22		
1096	10.9600	-23	-22		
1097	10.9700	-23	-22		
1098	10.9800	-22	-22		
1099	10.9900	-22	-22		
1100	11.0000	-22	-22		
1101	11.0100	-21	-22		
1102	11.0200	-20	-21		
1103	11.0300	-20	-21		
1104	11.0400	-19	-20		
1105	11.0500	-18	-20		
1106	11.0600	-18	-20		
1107	11.0700	-17	-19		
1108	11.0800	-16	-19		
1109	11.0900	-16	-18		
1110	11.1000	-15	-18		
1111	11.1100	-14	-17		
1112	11.1200	-13	-16		
1113	11.1300	-12	-15		
1114	11.1400	-12	-15		
1115	11.1500	-11	-14		
1116	11.1600	-10	-13		
1117	11.1700	-9	-12		
1118	11.1800	-8	-11		
1119	11.1900	-8	-10		
1120	11.2000	-7	-9		
1121	11.2100	-6	-8		
1122	11.2200	-5	-7		
1123	11.2300	-5	-6		
1124	11.2400	-4	-5		
1125	11.2500	-4	-4		
1126	11.2600	-3	-3		
1127	11.2700	-2	-2		
1128	11.2800	-2	-1		
1129	11.2900	-2	0		
1130	11.3000	-1	1		
1131	11.3100	-1	2		
1132	11.3200	0	4		
1133	11.3300	0	4		
1134	11.3400	0	6		
1135	11.3500	0	6		
1136	11.3600	0	7		
1137	11.3700	0	8		
1138	11.3800	0	9		
1139	11.3900	0	10		
1140	11.4000	0	11		
1141	11.4100	0	12		
1142	11.4200	0	12		
1143	11.4300	0	13		
1144	11.4400	-1	13		
1145	11.4500	-1	14		
1146	11.4600	-2	14		
1147	11.4700	-2	14		
1148	11.4800	-3	15		
1149	11.4900	-3	15		
1150	11.5000	-4	15		
1151	11.5100	-4	15		
1152	11.5200	-5	15		
1153	11.5300	-6	15		
1154	11.5400	-6	14		
1155	11.5500	-7	14		
1156	11.5600	-8	14		
1157	11.5700	-9	13		
1158	11.5800	-10	13		
1159	11.5900	-10	12		
1160	11.6000	-12	11		
1161	11.6100	-12	10		
1162	11.6200	-13	9		
1163	11.6300	-14	8		
1164	11.6400	-14	7		
1165	11.6500	-16	6		
1166	11.6600	-16	4		
1167	11.6700	-17	3		
1168	11.6800	-18	2		
1169	11.6900	-18	0		
1170	11.7000	-19	-2		
1171	11.7100	-20	-3		
1172	11.7200	-20	-5		
1173	11.7300	-21	-6		
1174	11.7400	-22	-8		
1175	11.7500	-22	-10		
1176	11.7600	-22	-12		
1177	11.7700	-23	-14		
1178	11.7800	-23	-15		
1179	11.7900	-24	-17		
1180	11.8000	-24	-19		
1181	11.8100	-24	-20		
1182	11.8200	-24	-22		
1183	11.8300	-24	-24		
1184	11.8400	-24	-26		
1185	11.8500	-24	-27		
1186	11.8600	-24	-28		
1187	11.8700	-24	-30		
1188	11.8800	-24	-31		
1189	11.8900	-24	-32		
1190	11.9000	-24	-34		
1191	11.9100	-24	-35		
1192	11.9200	-23	-36		
1193	11.9300	-23	-37		
1194	11.9400	-22	-38		
1195	11.9500	-22	-38		
1196	11.9600	-21	-39		
1197	11.9700	-21	-39		
1198	11.9800	-20	-39		
1199	11.9900	-20	-40		
1200	12.0000	-19	-40		
1201	12.0100	-18	-39		
1202	12.0200	-17	-39		
1203	12.0300	-16	-38		
1204	12.0400	-16	-38		
1205	12.0500	-15	-37		
1206	12.0600	-14	-36		
1207	12.0700	-14	-35		
1208	12.0800	-12	-34		
1209	12.0900	-12	-33		
1210	12.1000	-11	-32		
1211	12.1100	-10	-30		
1212	12.1200	-9	-28		
1213	12.1300	-8	-27		
1214	12.1400	-8	-25		
1215	12.1500	-7	-23		
1216	12.1600	-6	-21		
1217	12.1700	-6	-19		
1218	12.1800	-5	-16		
1219	12.1900	-4	-14		
1220	12.2000	-4	-12		
1221	12.2100	-3	-10		
1222	12.2200	-2	-7		
1223	12.2300	-2	-5		
1224	12.2400	-2	-2		
1225	12.2500	-1	0		
1226	12.2600	-1	3		
1227	12.2700	0	5		
1228	12.2800	0	8		
1229	12.2900	0	10		
1230	12.3000	0	12		
1231	12.3100	0	15		
1232	12.3200	0	17		
1233	12.3300	0	19		
1234	12.3400	0	21		
1235	12.3500	0	23		
1236	12.3600	0	25		
1237	12.3700	0	26		
1238	12.3800	0	28		
1239	12.3900	-1	29		
1240	12.4000	-1	30		
1241	12.4100	-2	32		
1242	12.4200	-2	33		
1243	12.4300	-2	33		
1244	12.4400	-3	34		
1245	12.4500	-4	34		
1246	12.4600	-4	35		
1247	12.4700	-5	35		
1248	12.4800	-6	34		
1249	12.4900	-6	34		
1250	12.5000	-7	34		
1251	12.5100	-8	33		
1252	12.5200	-9	32		
1253	12.5300	-10	31		
1254	12.5400	-10	30		
1255	12.5500	-11	28		
1256	12.5600	-12	27		
1257	12.5700	-13	25		
1258	12.5800	-14	23		
1259	12.5900	-14	21		
1260	12.6000	-15	18		
1261	12.6100	-16	16		
1262	12.6200	-17	14		
1263	12.6300	-18	11		
1264	12.6400	-18	8		
1265	12.6500	-19	5		
1266	12.6600	-20	2		
1267	12.6700	-20	0		
1268	12.6800	-21	-4		
1269	12.6900	-22	-7		
1270	12.7000	-22	-10		
1271	12.7100	-22	-13		
1272	12.7200	-23	-16		
1273	12.7300	-23	-19		
1274	12.7400	-24	-22		
1275	12.7500	-24	-25		
1276	12.7600	-24	-28		
1277	12.7700	-24	-31		
1278	12.7800	-24	-34		
1279	12.7900	-24	-37		
1280	12.8000	-24	-40		
1281	12.8100	-24	-42		
1282	12.8200	-24	-44		
1283	12.8300	-24	-47		
1284	12.8400	-24	-49		
1285	12.8500	-24	-51		
1286	12.8600	-24	-52		
1287	12.8700	-23	-54		
1288	12.8800	-23	-55		
1289	12.8900	-22	-56		
1290	12.9000	-22	-57		
1291	12.9100	-22	-58		
1292	12.9200	-21	-58		
1293	12.9300	-20	-59		
1294	12.9400	-20	-59		
1295	12.9500	-19	-58		
1296	12.9600	-18	-58		
1297	12.9700	-18	-57		
1298	12.9800	-17	-56		
1299	12.9900	-16	-55		
1300	13.0000	-15	-54		
1301	13.0100	-14	-52		
1302	13.0200	-14	-50		
1303	13.0300	-13	-48		
1304	13.0400	-12	-46		
1305	13.0500	-11	-44		
1306	13.0600	-10	-41		
1307	13.0700	-10	-38		
1308	13.0800	-9	-35		
1309	13.0900	-8	-32		
1310	13.1000	-7	-29		
1311	13.1100	-6	-25		
1312	13.1200	-6	-22		
1313	13.1300	-5	-18		
1314	13.1400	-4	-14		
1315	13.1500	-4	-11		
1316	13.1600	-3	-7		
1317	13.1700	-2	-3		
1318	13.1800	-2	0		
1319	13.1900	-2	4		
1320	13.2000	-1	8		
1321	13.2100	-1	12		
1322	13.2200	0	15		
1323	13.2300	0	19		
1324	13.2400	0	22		
1325	13.2500	0	26		
1326	13.2600	0	29		
1327	13.2700	0	32		
1328	13.2800	0	35		
1329	13.2900	0	38		
1330	13.3000	0	40		
1331	13.3100	0	43		
1332	13.3200	0	45		
1333	13.3300	0	47		
1334	13.3400	-1	48		
1335	13.3500	-1	50		
1336	13.3600	-2	51		
1337	13.3700	-2	52		
1338	13.3800	-2	53		
1339	13.3900	-3	53		
1340	13.4000	-4	53		
1341	13.4100	-4	53		
1342	13.4200	-5	52		
1343	13.4300	-6	52		
1344	13.4400	-6	51		
1345	13.4500	-7	50		
1346	13.4600	-8	48		
1347	13.4700	-8	46		
1348	13.4800	-9	44		
1349	13.4900	-10	42		
1350	13.5000	-11	40		
1351	13.5100	-12	37		
1352	13.5200	-12	34		
1353	13.5300	-14	30		
1354	13.5400	-14	27		
1355	13.5500	-15	24		
1356	13.5600	-16	20		
1357	13.5700	-16	16		
1358	13.5800	-17	12		
1359	13.5900	-18	8		
1360	13.6000	-19	4		
1361	13.6100	-20	-1		
1362	13.6200	-20	-5		
1363	13.6300	-21	-9		
1364	13.6400	-21	-14		
1365	13.6500	-22	-18		
1366	13.6600	-22	-22		
1367	13.6700	-23	-26		
1368	13.6800	-23	-31		
1369	13.6900	-24	-35		
1370	13.7000	-24	-39		
1371	13.7100	-24	-43		
1372	13.7200	-24	-47		
1373	13.7300	-24	-50		
1374	13.7400	-24	-54		
1375	13.7500	-24	-57		
1376	13.7600	-24	-60		
1377	13.7700	-24	-63		
1378	13.7800	-24	-65		
1379	13.7900	-24	-68		
1380	13.8000	-24	-70		
1381	13.8100	-24	-72		
1382	13.8200	-24	-73		
1383	13.8300	-23	-74		
1384	13.8400	-22	-75		
1385	13.8500	-22	-76		
1386	13.8600	-22	-76		
1387	13.8700	-21	-76		
1388	13.8800	-20	-75		
1389	13.8900	-20	-75		
1390	13.9000	-19	-74		
1391	13.9100	-18	-72		
1392	13.9200	-18	-71		
1393	13.9300	-17	-69		
1394	13.9400	-16	-66		
1395	13.9500	-16	-64		
1396	13.9600	-15	-61		
1397	13.9700	-14	-58		
1398	13.9800	-13	-55		
1399	13.9900	-12	-52		
1400	14.0000	-12	-48		
1401	14.0100	-10	-44		
1402	14.0200	-10	-40		
1403	14.0300	-9	-35		
1404	14.0400	-8	-31		
1405	14.0500	-8	-26		
1406	14.0600	-6	-22		
1407	14.0700	-6	-17		
1408	14.0800	-5	-12		
1409	14.0900	-4	-7		
1410	14.1000	-4	-2		
1411	14.1100	-3	3		
1412	14.1200	-3	8		
1413	14.1300	-2	13		
1414	14.1400	-2	17		
1415	14.1500	-1	22		
1416	14.1600	-1	26		
1417	14.1700	0	31		
1418	14.1800	0	35		
1419	14.1900	0	39		
1420	14.2000	0	43		
1421	14.2100	0	47		
1422	14.2200	0	50		
1423	14.2300	0	54		
1424	14.2400	0	56		
1425	14.2500	0	59		
1426	14.2600	0	61		
1427	14.2700	0	63		
1428	14.2800	0	65		
1429	14.2900	0	66		
1430	14.3000	-1	68		
1431	14.3100	-1	68		
1432	14.3200	-2	68		
1433	14.3300	-2	68		
1434	14.3400	-3	68		
1435	14.3500	-3	68		
1436	14.3600	-4	66		
1437	14.3700	-4	65		
1438	14.3800	-5	64		
1439	14.3900	-6	61		
1440	14.4000	-7	59		
1441	14.4100	-8	56		
1442	14.4200	-8	53		
1443	14.4300	-9	50		
1444	14.4400	-10	46		
1445	14.4500	-11	42		
1446	14.4600	-12	38		
1447	14.4700	-12	34		
1448	14.4800	-13	30		
1449	14.4900	-14	25		
1450	14.5000	-15	20		
1451	14.5100	-16	15		
1452	14.5200	-16	10		
1453	14.5300	-17	5		
1454	14.5400	-18	0		
1455	14.5500	-19	-6		
1456	14.5600	-20	-11		
1457	14.5700	-20	-17		
1458	14.5800	-21	-22		
1459	14.5900	-21	-27		
1460	14.6000	-22	-32		
1461	14.6100	-22	-38		
1462	14.6200	-23	-43		
1463	14.6300	-23	-48		
1464	14.6400	-24	-52		
1465	14.6500	-24	-57		
1466	14.6600	-24	-61		
1467	14.6700	-24	-65		
1468	14.6800	-24	-69		
1469	14.6900	-25	-72		
1470	14.7000	-25	-76		
1471	14.7100	-25	-78		
1472	14.7200	-24	-81		
1473	14.7300	-24	-84		
1474	14.7400	-24	-85		
1475	14.7500	-24	-87		
1476	14.7600	-24	-88		
1477	14.7700	-24	-89		
1478	14.7800	-23	-90		
1479	14.7900	-23	-90		
1480	14.8000	-22	-89		
1481	14.8100	-22	-89		
1482	14.8200	-21	-88		
1483	14.8300	-21	-86		
1484	14.8400	-20	-84		
1485	14.8500	-19	-82		
1486	14.8600	-19	-80		
1487	14.8700	-18	-77		
1488	14.8800	-17	-74		
1489	14.8900	-16	-70		
1490	14.9000	-16	-66		
1491	14.9100	-15	-62		
1492	14.9200	-14	-58		
1493	14.9300	-13	-53		
1494	14.9400	-12	-48		
1495	14.9500	-12	-43		
1496	14.9600	-11	-38		
1497	14.9700	-10	-33		
1498	14.9800	-9	-27		
1499	14.9900	-8	-22		
1500	15.0000	-8	-16		
1501	15.0100	-7	-10		
1502	15.0200	-6	-4		
1503	15.0300	-5	1		
1504	15.0400	-4	7		
1505	15.0500	-4	13		
1506	15.0600	-3	18		
1507	15.0700	-3	24		
1508	15.0800	-2	29		
1509	15.0900	-2	34		
1510	15.1000	-1	40		
1511	15.1100	-1	44		
1512	15.1200	0	49		
1513	15.1300	0	54		
1514	15.1400	0	58		
1515	15.1500	0	62		
1516	15.1600	0	65		
1517	15.1700	0	68		
1518	15.1800	0	71		
1519	15.1900	0	73		
1520	15.2000	0	76		
1521	15.2100	0	77		
1522	15.2200	0	79		
1523	15.2300	0	80		
1524	15.2400	0	80		
1525	15.2500	-1	80		
1526	15.2600	-1	80		
1527	15.2700	-2	80		
1528	15.2800	-2	78		
1529	15.2900	-2	77		
1530	15.3000	-3	75		
1531	15.3100	-4	73		
1532	15.3200	-4	70		
1533	15.3300	-5	67		
1534	15.3400	-6	64		
1535	15.3500	-6	60		
1536	15.3600	-7	56		
1537	15.3700	-8	52		
1538	15.3800	-9	48		
1539	15.3900	-10	42		
1540	15.4000	-10	38		
1541	15.4100	-12	32		
1542	15.4200	-12	27		
1543	15.4300	-13	21		
1544	15.4400	-14	15		
1545	15.4500	-15	9		
1546	15.4600	-16	3		
1547	15.4700	-16	-3		
1548	15.4800	-17	-9		
1549	15.4900	-18	-15		
1550	15.5000	-18	-21		
1551	15.5100	-19	-27		
1552	15.5200	-20	-33		
1553	15.5300	-21	-39		
1554	15.5400	-21	-45		
1555	15.5500	-22	-50		
1556	15.5600	-22	-56		
1557	15.5700	-23	-61		
1558	15.5800	-23	-66		
1559	15.5900	-24	-70		
1560	15.6000	-24	-74		
1561	15.6100	-24	-79		
1562	15.6200	-24	-82		
1563	15.6300	-24	-86		
1564	15.6400	-25	-89		
1565	15.6500	-25	-92		
1566	15.6600	-25	-94		
1567	15.6700	-25	-96		
1568	15.6800	-24	-97		
1569	15.6900	-24	-98		
1570	15.7000	-24	-99		
1571	15.7100	-24	-99		
1572	15.7200	-24	-99		
1573	15.7300	-23	-98		
1574	15.7400	-23	-97		
1575	15.7500	-22	-96		
1576	15.7600	-22	-94		
1577	15.7700	-22	-92		
1578	15.7800	-21	-89		
1579	15.7900	-20	-86		
1580	15.8000	-20	-82		
1581	15.8100	-19	-78		
1582	15.8200	-18	-74		
1583	15.8300	-17	-70		
1584	15.8400	-16	-65		
1585	15.8500	-16	-60		
1586	15.8600	-15	-55		
1587	15.8700	-14	-49		
1588	15.8800	-14	-44		
1589	15.8900	-12	-38		
1590	15.9000	-12	-32		
1591	15.9100	-11	-26		
1592	15.9200	-10	-19		
1593	15.9300	-9	-13		
1594	15.9400	-8	-7		
1595	15.9500	-8	0		
1596	15.9600	-7	6		
1597	15.9700	-6	12		
1598	15.9800	-5	18		
1599	15.9900	-5	24		
1600	16.0000	-4	30		
1601	16.0100	-4	36		
1602	16.0200	-3	42		
1603	16.0300	-2	47		
1604	16.0400	-2	52		
1605	16.0500	-1	57		
1606	16.0600	-1	62		
1607	16.0700	0	66		
1608	16.0800	0	70		
1609	16.0900	0	74		
1610	16.1000	0	77		
1611	16.1100	0	80		
1612	16.1200	0	82		
1613	16.1300	0	84		
1614	16.1400	0	86		
1615	16.1500	0	86		
1616	16.1600	0	87		
1617	16.1700	0	88		
1618	16.1800	0	88		
1619	16.1900	0	87		
1620	16.2000	-1	86		
1621	16.2100	-1	84		
1622	16.2200	-2	82		
1623	16.2300	-2	80		
1624	16.2400	-2	77		
1625	16.2500	-3	74		
1626	16.2600	-4	71		
1627	16.2700	-4	67		
1628	16.2800	-5	63		
1629	16.2900	-6	58		
1630	16.3000	-6	53		
1631	16.3100	-7	48		
1632	16.3200	-8	43		
1633	16.3300	-9	37		
1634	16.3400	-10	31		
1635	16.3500	-10	25		
1636	16.3600	-11	19		
1637	16.3700	-12	13		
1638	16.3800	-13	6		
1639	16.3900	-14	0		
1640	16.4000	-14	-6		
1641	16.4100	-16	-13		
1642	16.4200	-16	-20		
1643	16.4300	-17	-26		
1644	16.4400	-18	-32		
1645	16.4500	-18	-39		
1646	16.4600	-19	-45		
1647	16.4700	-20	-51		
1648	16.4800	-20	-56		
1649	16.4900	-21	-62		
1650	16.5000	-22	-67		
1651	16.5100	-22	-72		
1652	16.5200	-23	-77		
1653	16.5300	-23	-82		
1654	16.5400	-24	-86		
1655	16.5500	-24	-89		
1656	16.5600	-24	-92		
1657	16.5700	-24	-95		
1658	16.5800	-24	-98		
1659	16.5900	-25	-100		
1660	16.6000	-25	-102		
1661	16.6100	-25	-103		
1662	16.6200	-25	-104		
1663	16.6300	-25	-104		
1664	16.6400	-24	-104		
1665	16.6500	-24	-103		
1666	16.6600	-24	-102		
1667	16.6700	-24	-101		
1668	16.6800	-24	-99		
1669	16.6900	-23	-96		
1670	16.7000	-22	-94		
1671	16.7100	-22	-91		
1672	16.7200	-22	-87		
1673	16.7300	-21	-83		
1674	16.7400	-20	-79		
1675	16.7500	-20	-74		
1676	16.7600	-19	-70		
1677	16.7700	-18	-64		
1678	16.7800	-18	-59		
1679	16.7900	-17	-53		
1680	16.8000	-16	-48		
1681	16.8100	-15	-41		
1682	16.8200	-14	-35		
1683	16.8300	-14	-28		
1684	16.8400	-13	-22		
1685	16.8500	-12	-16		
1686	16.8600	-11	-9		
1687	16.8700	-10	-2		
1688	16.8800	-9	4		
1689	16.8900	-8	11		
1690	16.9000	-8	17		
1691	16.9100	-7	24		
1692	16.9200	-6	30		
1693	16.9300	-6	36		
1694	16.9400	-5	42		
1695	16.9500	-4	47		
1696	16.9600	-4	52		
1697	16.9700	-3	58		
1698	16.9800	-2	62		
1699	16.9900	-2	67		
1700	17.0000	-1	71		
1701	17.0100	-1	75		
1702	17.0200	0	78		
1703	17.0300	0	81		
1704	17.0400	0	84		
1705	17.0500	0	86		
1706	17.0600	0	87		
1707	17.0700	0	89		
1708	17.0800	0	90		
1709	17.0900	0	90		
1710	17.1000	0	90		
1711	17.1100	0	89		
1712	17.1200	0	88		
1713	17.1300	0	87		
1714	17.1400	0	85		
1715	17.1500	0	83		
1716	17.1600	-1	80		
1717	17.1700	-2	77		
1718	17.1800	-2	74		
1719	17.1900	-2	70		
1720	17.2000	-3	66		
1721	17.2100	-4	61		
1722	17.2200	-4	56		
1723	17.2300	-5	51		
1724	17.2400	-6	46		
1725	17.2500	-6	40		
1726	17.2600	-7	34		
1727	17.2700	-8	28		
1728	17.2800	-9	22		
1729	17.2900	-10	15		
1730	17.3000	-10	9		
1731	17.3100	-11	2		
1732	17.3200	-12	-4		
1733	17.3300	-13	-11		
1734	17.3400	-14	-18		
1735	17.3500	-15	-24		
1736	17.3600	-16	-30		
1737	17.3700	-16	-37		
1738	17.3800	-17	-43		
1739	17.3900	-18	-49		
1740	17.4000	-19	-55		
1741	17.4100	-19	-61		
1742	17.4200	-20	-66		
1743	17.4300	-21	-71		
1744	17.4400	-22	-76		
1745	17.4500	-22	-80		
1746	17.4600	-22	-84		
1747	17.4700	-23	-88		
1748	17.4800	-24	-92		
1749	17.4900	-24	-95		
1750	17.5000	-24	-97		
1751	17.5100	-24	-100		
1752	17.5200	-25	-101		
1753	17.5300	-25	-103		
1754	17.5400	-25	-104		
1755	17.5500	-25	-104		
1756	17.5600	-25	-104		
1757	17.5700	-25	-104		
1758	17.5800	-25	-103		
1759	17.5900	-25	-101		
1760	17.6000	-24	-100		
1761	17.6100	-24	-97		
1762	17.6200	-24	-95		
1763	17.6300	-24	-92		
1764	17.6400	-23	-88		
1765	17.6500	-23	-84		
1766	17.6600	-22	-80		
1767	17.6700	-22	-76		
1768	17.6800	-21	-71		
1769	17.6900	-21	-66		
1770	17.7000	-20	-61		
1771	17.7100	-19	-55		
1772	17.7200	-18	-49		
1773	17.7300	-18	-43		
1774	17.7400	-17	-37		
1775	17.7500	-16	-31		
1776	17.7600	-16	-24		
1777	17.7700	-15	-18		
1778	17.7800	-14	-12		
1779	17.7900	-13	-5		
1780	17.8000	-12	1		
1781	17.8100	-12	8		
1782	17.8200	-10	14		
1783	17.8300	-10	21		
1784	17.8400	-9	27		
1785	17.8500	-8	33		
1786	17.8600	-7	38		
1787	17.8700	-6	44		
1788	17.8800	-6	49		
1789	17.8900	-5	54		
1790	17.9000	-4	59		
1791	17.9100	-4	64		
1792	17.9200	-3	68		
1793	17.9300	-3	72		
1794	17.9400	-2	75		
1795	17.9500	-2	78		
1796	17.9600	-1	80		
1797	17.9700	-1	83		
1798	17.9800	0	84		
1799	17.9900	0	86		
1800	18.0000	0	87		
1801	18.0100	0	87		
1802	18.0200	0	87		
1803	18.0300	0	87		
1804	18.0400	0	86		
1805	18.0500	0	85		
1806	18.0600	0	83		
1807	18.0700	0	81		
1808	18.0800	0	79		
1809	18.0900	0	76		
1810	18.1000	-1	72		
1811	18.1100	-1	69		
1812	18.1200	-2	65		
1813	18.1300	-2	60		
1814	18.1400	-2	56		
1815	18.1500	-3	51		
1816	18.1600	-4	46		
1817	18.1700	-4	40		
1818	18.1800	-5	35		
1819	18.1900	-6	29		
1820	18.2000	-6	23		
1821	18.2100	-7	17		
1822	18.2200	-8	11		
1823	18.2300	-9	4		
1824	18.2400	-10	-2		
1825	18.2500	-10	-8		
1826	18.2600	-12	-15		
1827	18.2700	-12	-21		
1828	18.2800	-13	-27		
1829	18.2900	-14	-33		
1830	18.3000	-15	-39		
1831	18.3100	-16	-45		
1832	18.3200	-16	-51		
1833	18.3300	-17	-56		
1834	18.3400	-18	-62		
1835	18.3500	-19	-66		
1836	18.3600	-19	-71		
1837	18.3700	-20	-76		
1838	18.3800	-21	-80		
1839	18.3900	-21	-83		
1840	18.4000	-22	-86		
1841	18.4100	-22	-90		
1842	18.4200	-23	-92		
1843	18.4300	-23	-94		
1844	18.4400	-24	-96		
1845	18.4500	-24	-98		
1846	18.4600	-24	-98		
1847	18.4700	-25	-99		
1848	18.4800	-25	-99		
1849	18.4900	-25	-99		
1850	18.5000	-25	-98		
1851	18.5100	-25	-97		
1852	18.5200	-25	-96		
1853	18.5300	-25	-94		
1854	18.5400	-25	-91		
1855	18.5500	-25	-88		
1856	18.5600	-24	-85		
1857	18.5700	-24	-82		
1858	18.5800	-24	-78		
1859	18.5900	-24	-74		
1860	18.6000	-23	-70		
1861	18.6100	-22	-65		
1862	18.6200	-22	-60		
1863	18.6300	-21	-55		
1864	18.6400	-21	-49		
1865	18.6500	-20	-44		
1866	18.6600	-20	-38		
1867	18.6700	-19	-32		
1868	18.6800	-18	-26		
1869	18.6900	-17	-20		
1870	18.7000	-16	-14		
1871	18.7100	-16	-8		
1872	18.7200	-15	-2		
1873	18.7300	-14	4		
1874	18.7400	-13	10		
1875	18.7500	-12	16		
1876	18.7600	-12	22		
1877	18.7700	-11	28		
1878	18.7800	-10	33		
1879	18.7900	-9	38		
1880	18.8000	-8	43		
1881	18.8100	-8	48		
1882	18.8200	-7	53		
1883	18.8300	-6	57		
1884	18.8400	-5	61		
1885	18.8500	-4	64		
1886	18.8600	-4	68		
1887	18.8700	-3	70		
1888	18.8800	-3	73		
1889	18.8900	-2	75		
1890	18.9000	-2	77		
1891	18.9100	-1	78		
1892	18.9200	-1	80		
1893	18.9300	-1	80		
1894	18.9400	0	80		
1895	18.9500	0	80		
1896	18.9600	0	79		
1897	18.9700	0	78		
1898	18.9800	0	77		
1899	18.9900	0	75		
1900	19.0000	0	73		
1901	19.0100	0	70		
1902	19.0200	0	68		
1903	19.0300	0	64		
1904	19.0400	0	61		
1905	19.0500	-1	57		
1906	19.0600	-1	53		
1907	19.0700	-2	48		
1908	19.0800	-2	44		
1909	19.0900	-2	39		
1910	19.1000	-3	34		
1911	19.1100	-4	28		
1912	19.1200	-4	23		
1913	19.1300	-5	18		
1914	19.1400	-6	12		
1915	19.1500	-6	6		
1916	19.1600	-7	0		
1917	19.1700	-8	-6		
1918	19.1800	-9	-11		
1919	19.1900	-10	-17		
1920	19.2000	-10	-22		
1921	19.2100	-11	-28		
1922	19.2200	-12	-34		
1923	19.2300	-13	-39		
1924	19.2400	-14	-44		
1925	19.2500	-14	-49		
1926	19.2600	-16	-54		
1927	19.2700	-16	-59		
1928	19.2800	-17	-63		
1929	19.2900	-18	-67		
1930	19.3000	-18	-71		
1931	19.3100	-19	-74		
1932	19.3200	-20	-78		
1933	19.3300	-20	-80		
1934	19.3400	-21	-83		
1935	19.3500	-22	-85		
1936	19.3600	-22	-86		
1937	19.3700	-23	-88		
1938	19.3800	-23	-89		
1939	19.3900	-24	-90		
1940	19.4000	-24	-90		
1941	19.4100	-24	-90		
1942	19.4200	-24	-89		
1943	19.4300	-25	-88		
1944	19.4400	-25	-87		
1945	19.4500	-25	-86		
1946	19.4600	-25	-84		
1947	19.4700	-25	-81		
1948	19.4800	-25	-79		
1949	19.4900	-25	-76		
1950	19.5000	-25	-72		
1951	19.5100	-24	-69		
1952	19.5200	-24	-65		
1953	19.5300	-24	-61		
1954	19.5400	-24	-57		
1955	19.5500	-23	-52		
1956	19.5600	-22	-48		
1957	19.5700	-22	-43		
1958	19.5800	-22	-38		
1959	19.5900	-21	-32		
1960	19.6000	-20	-27		
1961	19.6100	-20	-22		
1962	19.6200	-19	-16		
1963	19.6300	-18	-11		
1964	19.6400	-17	-6		
1965	19.6500	-16	0		
1966	19.6600	-16	5		
1967	19.6700	-15	10		
1968	19.6800	-14	15		
1969	19.6900	-13	20		
1970	19.7000	-12	25		
1971	19.7100	-12	30		
1972	19.7200	-11	34		
1973	19.7300	-10	39		
1974	19.7400	-9	43		
1975	19.7500	-8	47		
1976	19.7600	-8	50		
1977	19.7700	-7	54		
1978	19.7800	-6	56		
1979	19.7900	-6	59		
1980	19.8000	-5	62		
1981	19.8100	-4	64		
1982	19.8200	-4	65		
1983	19.8300	-3	67		
1984	19.8400	-2	68		
1985	19.8500	-2	68		
1986	19.8600	-2	69		
1987	19.8700	-1	69		
1988	19.8800	-1	68		
1989	19.8900	0	68		
1990	19.9000	0	67		
1991	19.9100	0	65		
1992	19.9200	0	64		
1993	19.9300	0	62		
1994	19.9400	0	59		
1995	19.9500	0	56		
1996	19.9600	0	54		
1997	19.9700	0	50		
1998	19.9800	0	47		
1999	19.9900	0	43		
2000	20.0000	-1	40		
