#	time(s)	count A	count B	count C	count D
1	0.0100	-2	63		
2	0.0200	-1	65		
3	0.0300	-1	67		
4	0.0400	0	68		
5	0.0500	0	70		
6	0.0600	0	70		
7	0.0700	0	71		
8	0.0800	0	71		
9	0.0900	0	70		
10	0.1000	0	70		
11	0.1100	0	69		
12	0.1200	0	68		
13	0.1300	-1	66		
14	0.1400	-1	64		
15	0.1500	-1	62		
16	0.1600	-2	59		
17	0.1700	-2	56		
18	0.1800	-2	53		
19	0.1900	-3	49		
20	0.2000	-4	45		
21	0.2100	-4	41		
22	0.2200	-5	37		
23	0.2300	-6	32		
24	0.2400	-6	28		
25	0.2500	-7	23		
26	0.2600	-8	18		
27	0.2700	-8	13		
28	0.2800	-10	8		
29	0.2900	-10	3		
30	0.3000	-11	-2		
31	0.3100	-12	-8		
32	0.3200	-13	-13		
33	0.3300	-14	-18		
34	0.3400	-14	-23		
35	0.3500	-15	-28		
36	0.3600	-16	-33		
37	0.3700	-17	-38		
38	0.3800	-18	-42		
39	0.3900	-18	-47		
40	0.4000	-19	-52		
41	0.4100	-20	-56		
42	0.4200	-20	-60		
43	0.4300	-21	-63		
44	0.4400	-22	-67		
45	0.4500	-22	-70		
46	0.4600	-23	-73		
47	0.4700	-23	-76		
48	0.4800	-24	-78		
49	0.4900	-24	-80		
50	0.5000	-24	-81		
51	0.5100	-25	-83		
52	0.5200	-25	-84		
53	0.5300	-25	-84		
54	0.5400	-25	-84		
55	0.5500	-25	-84		
56	0.5600	-25	-84		
57	0.5700	-25	-83		
58	0.5800	-25	-82		
59	0.5900	-25	-81		
60	0.6000	-25	-79		
61	0.6100	-24	-77		
62	0.6200	-24	-74		
63	0.6300	-24	-72		
64	0.6400	-24	-69		
65	0.6500	-23	-65		
66	0.6600	-22	-62		
67	0.6700	-22	-58		
68	0.6800	-22	-54		
69	0.6900	-21	-50		
70	0.7000	-20	-46		
71	0.7100	-20	-41		
72	0.7200	-19	-36		
73	0.7300	-18	-32		
74	0.7400	-17	-26		
75	0.7500	-16	-22		
76	0.7600	-16	-16		
77	0.7700	-15	-12		
78	0.7800	-14	-6		
79	0.7900	-13	-1		
80	0.8000	-12	4		
81	0.8100	-12	9		
82	0.8200	-11	14		
83	0.8300	-10	18		
84	0.8400	-9	23		
85	0.8500	-8	28		
86	0.8600	-8	32		
87	0.8700	-7	36		
88	0.8800	-6	40		
89	0.8900	-5	44		
90	0.9000	-5	48		
91	0.9100	-4	51		
92	0.9200	-4	54		
93	0.9300	-3	56		
94	0.9400	-2	59		
95	0.9500	-2	61		
96	0.9600	-2	63		
97	0.9700	-1	64		
98	0.9800	-1	65		
99	0.9900	0	66		
100	1.0000	0	67		
101	1.0100	0	67		
102	1.0200	0	67		
103	1.0300	0	66		
104	1.0400	0	65		
105	1.0500	0	64		
106	1.0600	0	62		
107	1.0700	0	61		
108	1.0800	-1	58		
109	1.0900	-1	56		
110	1.1000	-1	54		
111	1.1100	-2	50		
112	1.1200	-2	47		
113	1.1300	-2	44		
114	1.1400	-3	40		
115	1.1500	-4	36		
116	1.1600	-4	32		
117	1.1700	-5	28		
118	1.1800	-6	23		
119	1.1900	-6	19		
120	1.2000	-7	14		
121	1.2100	-8	9		
122	1.2200	-8	4		
123	1.2300	-10	0		
124	1.2400	-10	-5		
125	1.2500	-11	-10		
126	1.2600	-12	-15		
127	1.2700	-13	-20		
128	1.2800	-14	-25		
129	1.2900	-14	-29		
130	1.3000	-15	-34		
131	1.3100	-16	-38		
132	1.3200	-17	-43		
133	1.3300	-18	-47		
134	1.3400	-18	-51		
135	1.3500	-19	-54		
136	1.3600	-20	-58		
137	1.3700	-20	-61		
138	1.3800	-21	-64		
139	1.3900	-22	-67		
140	1.4000	-22	-70		
141	1.4100	-23	-72		
142	1.4200	-23	-74		
143	1.4300	-24	-76		
144	1.4400	-24	-77		
145	1.4500	-24	-78		
146	1.4600	-25	-79		
147	1.4700	-25	-79		
148	1.4800	-25	-79		
149	1.4900	-25	-79		
150	1.5000	-25	-78		
151	1.5100	-25	-77		
152	1.5200	-25	-76		
153	1.5300	-25	-74		
154	1.5400	-25	-73		
155	1.5500	-25	-71		
156	1.5600	-24	-68		
157	1.5700	-24	-66		
158	1.5800	-24	-63		
159	1.5900	-24	-60		
160	1.6000	-23	-56		
161	1.6100	-22	-52		
162	1.6200	-22	-49		
163	1.6300	-22	-45		
164	1.6400	-21	-41		
165	1.6500	-20	-36		
166	1.6600	-20	-32		
167	1.6700	-19	-28		
168	1.6800	-18	-23		
169	1.6900	-17	-18		
170	1.7000	-16	-14		
171	1.7100	-16	-9		
172	1.7200	-15	-4		
173	1.7300	-14	0		
174	1.7400	-13	5		
175	1.7500	-12	9		
176	1.7600	-12	14		
177	1.7700	-11	18		
178	1.7800	-10	22		
179	1.7900	-9	26		
180	1.8000	-8	30		
181	1.8100	-8	34		
182	1.8200	-7	38		
183	1.8300	-6	41		
184	1.8400	-5	44		
185	1.8500	-5	47		
186	1.8600	-4	50		
187	1.8700	-4	52		
188	1.8800	-3	54		
189	1.8900	-2	56		
190	1.9000	-2	57		
191	1.9100	-2	58		
192	1.9200	-1	59		
193	1.9300	-1	60		
194	1.9400	0	60		
195	1.9500	0	60		
196	1.9600	0	60		
197	1.9700	0	59		
198	1.9800	0	58		
199	1.9900	0	57		
200	2.0000	0	56		
201	2.0100	0	54		
202	2.0200	0	52		
203	2.0300	-1	50		
204	2.0400	-1	47		
205	2.0500	-1	44		
206	2.0600	-2	41		
207	2.0700	-2	38		
208	2.0800	-2	34		
209	2.0900	-3	31		
210	2.1000	-4	27		
211	2.1100	-4	23		
212	2.1200	-5	19		
213	2.1300	-6	15		
214	2.1400	-6	11		
215	2.1500	-7	7		
216	2.1600	-8	2		
217	2.1700	-8	-2		
218	2.1800	-10	-6		
219	2.1900	-10	-11		
220	2.2000	-11	-15		
221	2.2100	-12	-20		
222	2.2200	-13	-24		
223	2.2300	-14	-28		
224	2.2400	-14	-32		
225	2.2500	-15	-36		
226	2.2600	-16	-40		
227	2.2700	-17	-44		
228	2.2800	-18	-47		
229	2.2900	-18	-50		
230	2.3000	-19	-53		
231	2.3100	-20	-56		
232	2.3200	-20	-59		
233	2.3300	-21	-61		
234	2.3400	-22	-64		
235	2.3500	-22	-66		
236	2.3600	-23	-67		
237	2.3700	-23	-68		
238	2.3800	-24	-70		
239	2.3900	-24	-70		
240	2.4000	-24	-71		
241	2.4100	-25	-71		
242	2.4200	-25	-71		
243	2.4300	-25	-71		
244	2.4400	-25	-70		
245	2.4500	-25	-70		
246	2.4600	-25	-68		
247	2.4700	-25	-67		
248	2.4800	-25	-66		
249	2.4900	-25	-64		
250	2.5000	-25	-62		
251	2.5100	-24	-59		
252	2.5200	-24	-56		
253	2.5300	-24	-54		
254	2.5400	-24	-51		
255	2.5500	-23	-48		
256	2.5600	-22	-44		
257	2.5700	-22	-41		
258	2.5800	-22	-37		
259	2.5900	-21	-33		
260	2.6000	-20	-29		
261	2.6100	-20	-25		
262	2.6200	-19	-21		
263	2.6300	-18	-17		
264	2.6400	-17	-13		
265	2.6500	-16	-9		
266	2.6600	-16	-5		
267	2.6700	-15	-1		
268	2.6800	-14	3		
269	2.6900	-13	7		
270	2.7000	-12	11		
271	2.7100	-12	15		
272	2.7200	-11	18		
273	2.7300	-10	22		
274	2.7400	-9	26		
275	2.7500	-8	29		
276	2.7600	-8	32		
277	2.7700	-7	35		
278	2.7800	-6	37		
279	2.7900	-5	40		
280	2.8000	-5	42		
281	2.8100	-4	44		
282	2.8200	-4	46		
283	2.8300	-3	48		
284	2.8400	-2	49		
285	2.8500	-2	50		
286	2.8600	-2	51		
287	2.8700	-1	51		
288	2.8800	-1	52		
289	2.8900	-1	52		
290	2.9000	0	51		
291	2.9100	0	51		
292	2.9200	0	50		
293	2.9300	0	49		
294	2.9400	0	48		
295	2.9500	0	46		
296	2.9600	0	45		
297	2.9700	0	43		
298	2.9800	-1	40		
299	2.9900	-1	38		
300	3.0000	-1	36		
301	3.0100	-2	33		
302	3.0200	-2	30		
303	3.0300	-2	27		
304	3.0400	-3	24		
305	3.0500	-4	20		
306	3.0600	-4	17		
307	3.0700	-5	13		
308	3.0800	-6	10		
309	3.0900	-6	6		
310	3.1000	-7	2		
311	3.1100	-8	-2		
312	3.1200	-8	-5		
313	3.1300	-9	-9		
314	3.1400	-10	-13		
315	3.1500	-11	-16		
316	3.1600	-12	-20		
317	3.1700	-13	-24		
318	3.1800	-14	-27		
319	3.1900	-14	-31		
320	3.2000	-15	-34		
321	3.2100	-16	-37		
322	3.2200	-17	-40		
323	3.2300	-18	-43		
324	3.2400	-18	-46		
325	3.2500	-19	-48		
326	3.2600	-20	-51		
327	3.2700	-20	-53		
328	3.2800	-21	-55		
329	3.2900	-22	-57		
330	3.3000	-22	-58		
331	3.3100	-23	-59		
332	3.3200	-23	-60		
333	3.3300	-24	-62		
334	3.3400	-24	-62		
335	3.3500	-24	-62		
336	3.3600	-24	-62		
337	3.3700	-25	-62		
338	3.3800	-25	-62		
339	3.3900	-25	-61		
340	3.4000	-25	-60		
341	3.4100	-25	-60		
342	3.4200	-25	-58		
343	3.4300	-25	-57		
344	3.4400	-25	-55		
345	3.4500	-25	-53		
346	3.4600	-24	-51		
347	3.4700	-24	-49		
348	3.4800	-24	-46		
349	3.4900	-24	-44		
350	3.5000	-23	-41		
351	3.5100	-22	-38		
352	3.5200	-22	-35		
353	3.5300	-22	-32		
354	3.5400	-21	-29		
355	3.5500	-20	-25		
356	3.5600	-20	-22		
357	3.5700	-19	-18		
358	3.5800	-18	-15		
359	3.5900	-17	-12		
360	3.6000	-16	-8		
361	3.6100	-16	-5		
362	3.6200	-15	-2		
363	3.6300	-14	2		
364	3.6400	-13	5		
365	3.6500	-12	8		
366	3.6600	-12	12		
367	3.6700	-11	15		
368	3.6800	-10	18		
369	3.6900	-9	20		
370	3.7000	-8	23		
371	3.7100	-8	26		
372	3.7200	-7	28		
373	3.7300	-6	30		
374	3.7400	-6	32		
375	3.7500	-5	34		
376	3.7600	-4	36		
377	3.7700	-4	38		
378	3.7800	-3	39		
379	3.7900	-2	40		
380	3.8000	-2	41		
381	3.8100	-2	42		
382	3.8200	-1	42		
383	3.8300	-1	42		
384	3.8400	-1	42		
385	3.8500	0	42		
386	3.8600	0	42		
387	3.8700	0	41		
388	3.8800	0	40		
389	3.8900	0	39		
390	3.9000	0	38		
391	3.9100	0	37		
392	3.9200	0	35		
393	3.9300	-1	33		
394	3.9400	-1	31		
395	3.9500	-1	29		
396	3.9600	-2	27		
397	3.9700	-2	25		
398	3.9800	-2	22		
399	3.9900	-3	20		
400	4.0000	-4	17		
401	4.0100	-4	14		
402	4.0200	-5	11		
403	4.0300	-6	8		
404	4.0400	-6	5		
405	4.0500	-7	2		
406	4.0600	-8	-1		
407	4.0700	-8	-4		
408	4.0800	-9	-8		
409	4.0900	-10	-11		
410	4.1000	-11	-14		
411	4.1100	-12	-17		
412	4.1200	-13	-20		
413	4.1300	-14	-23		
414	4.1400	-14	-26		
415	4.1500	-15	-28		
416	4.1600	-16	-31		
417	4.1700	-17	-34		
418	4.1800	-18	-36		
419	4.1900	-18	-38		
420	4.2000	-19	-40		
421	4.2100	-20	-43		
422	4.2200	-20	-44		
423	4.2300	-21	-46		
424	4.2400	-22	-48		
425	4.2500	-22	-49		
426	4.2600	-23	-50		
427	4.2700	-23	-51		
428	4.2800	-24	-52		
429	4.2900	-24	-53		
430	4.3000	-24	-53		
431	4.3100	-24	-53		
432	4.3200	-25	-54		
433	4.3300	-25	-53		
434	4.3400	-25	-53		
435	4.3500	-25	-52		
436	4.3600	-25	-52		
437	4.3700	-25	-51		
438	4.3800	-25	-50		
439	4.3900	-25	-48		
440	4.4000	-25	-47		
441	4.4100	-24	-46		
442	4.4200	-24	-44		
443	4.4300	-24	-42		
444	4.4400	-24	-40		
445	4.4500	-23	-38		
446	4.4600	-22	-36		
447	4.4700	-22	-33		
448	4.4800	-22	-31		
449	4.4900	-21	-28		
450	4.5000	-20	-26		
451	4.5100	-20	-23		
452	4.5200	-19	-20		
453	4.5300	-18	-17		
454	4.5400	-17	-14		
455	4.5500	-16	-12		
456	4.5600	-16	-9		
457	4.5700	-15	-6		
458	4.5800	-14	-3		
459	4.5900	-13	0		
460	4.6000	-12	2		
461	4.6100	-12	5		
462	4.6200	-11	8		
463	4.6300	-10	10		
464	4.6400	-9	13		
465	4.6500	-8	15		
466	4.6600	-8	17		
467	4.6700	-7	20		
468	4.6800	-6	22		
469	4.6900	-6	24		
470	4.7000	-5	25		
471	4.7100	-4	27		
472	4.7200	-4	28		
473	4.7300	-3	30		
474	4.7400	-2	31		
475	4.7500	-2	32		
476	4.7600	-2	33		
477	4.7700	-1	33		
478	4.7800	-1	34		
479	4.7900	-1	34		
480	4.8000	0	34		
481	4.8100	0	34		
482	4.8200	0	34		
483	4.8300	0	34		
484	4.8400	0	33		
485	4.8500	0	32		
486	4.8600	0	32		
487	4.8700	0	30		
488	4.8800	-1	29		
489	4.8900	-1	28		
490	4.9000	-1	26		
491	4.9100	-2	25		
492	4.9200	-2	23		
493	4.9300	-2	21		
494	4.9400	-3	19		
495	4.9500	-4	17		
496	4.9600	-4	15		
497	4.9700	-5	13		
498	4.9800	-6	10		
499	4.9900	-6	8		
500	5.0000	-7	6		
501	5.0100	-8	3		
502	5.0200	-8	0		
503	5.0300	-9	-2		
504	5.0400	-10	-5		
505	5.0500	-11	-7		
506	5.0600	-12	-10		
507	5.0700	-12	-12		
508	5.0800	-14	-15		
509	5.0900	-14	-18		
510	5.1000	-15	-20		
511	5.1100	-16	-22		
512	5.1200	-16	-25		
513	5.1300	-18	-27		
514	5.1400	-18	-29		
515	5.1500	-19	-31		
516	5.1600	-20	-33		
517	5.1700	-20	-35		
518	5.1800	-21	-37		
519	5.1900	-22	-38		
520	5.2000	-22	-40		
521	5.2100	-22	-42		
522	5.2200	-23	-43		
523	5.2300	-24	-44		
524	5.2400	-24	-45		
525	5.2500	-24	-46		
526	5.2600	-24	-46		
527	5.2700	-25	-46		
528	5.2800	-25	-47		
529	5.2900	-25	-47		
530	5.3000	-25	-47		
531	5.3100	-25	-47		
532	5.3200	-25	-46		
533	5.3300	-25	-46		
534	5.3400	-25	-46		
535	5.3500	-25	-45		
536	5.3600	-24	-44		
537	5.3700	-24	-43		
538	5.3800	-24	-42		
539	5.3900	-24	-40		
540	5.4000	-23	-39		
541	5.4100	-22	-37		
542	5.4200	-22	-35		
543	5.4300	-22	-34		
544	5.4400	-21	-32		
545	5.4500	-20	-30		
546	5.4600	-20	-27		
547	5.4700	-19	-25		
548	5.4800	-18	-23		
549	5.4900	-17	-21		
550	5.5000	-16	-18		
551	5.5100	-16	-16		
552	5.5200	-15	-14		
553	5.5300	-14	-11		
554	5.5400	-14	-8		
555	5.5500	-12	-6		
556	5.5600	-12	-4		
557	5.5700	-11	-1		
558	5.5800	-10	1		
559	5.5900	-9	4		
560	5.6000	-8	6		
561	5.6100	-8	8		
562	5.6200	-7	10		
563	5.6300	-6	12		
564	5.6400	-6	14		
565	5.6500	-5	16		
566	5.6600	-4	18		
567	5.6700	-4	20		
568	5.6800	-3	22		
569	5.6900	-2	23		
570	5.7000	-2	24		
571	5.7100	-2	26		
572	5.7200	-1	27		
573	5.7300	-1	28		
574	5.7400	-1	29		
575	5.7500	0	30		
576	5.7600	0	30		
577	5.7700	0	30		
578	5.7800	0	30		
579	5.7900	0	31		
580	5.8000	0	30		
581	5.8100	0	30		
582	5.8200	0	30		
583	5.8300	-1	30		
584	5.8400	-1	29		
585	5.8500	-1	28		
586	5.8600	-2	27		
587	5.8700	-2	26		
588	5.8800	-2	24		
589	5.8900	-3	23		
590	5.9000	-4	22		
591	5.9100	-4	20		
592	5.9200	-5	18		
593	5.9300	-6	16		
594	5.9400	-6	14		
595	5.9500	-7	12		
596	5.9600	-8	10		
597	5.9700	-8	8		
598	5.9800	-9	6		
599	5.9900	-10	4		
600	6.0000	-11	1		
601	6.0100	-12	-1		
602	6.0200	-12	-4		
603	6.0300	-13	-6		
604	6.0400	-14	-8		
605	6.0500	-15	-11		
606	6.0600	-16	-13		
607	6.0700	-16	-16		
608	6.0800	-17	-18		
609	6.0900	-18	-20		
610	6.1000	-19	-22		
611	6.1100	-20	-25		
612	6.1200	-20	-27		
613	6.1300	-21	-29		
614	6.1400	-22	-31		
615	6.1500	-22	-33		
616	6.1600	-22	-35		
617	6.1700	-23	-37		
618	6.1800	-24	-38		
619	6.1900	-24	-40		
620	6.2000	-24	-41		
621	6.2100	-24	-42		
622	6.2200	-25	-43		
623	6.2300	-25	-44		
624	6.2400	-25	-45		
625	6.2500	-25	-46		
626	6.2600	-25	-46		
627	6.2700	-25	-46		
628	6.2800	-25	-47		
629	6.2900	-25	-47		
630	6.3000	-25	-46		
631	6.3100	-24	-46		
632	6.3200	-24	-46		
633	6.3300	-24	-45		
634	6.3400	-24	-44		
635	6.3500	-23	-44		
636	6.3600	-22	-42		
637	6.3700	-22	-41		
638	6.3800	-22	-40		
639	6.3900	-21	-38		
640	6.4000	-20	-37		
641	6.4100	-20	-35		
642	6.4200	-19	-33		
643	6.4300	-18	-31		
644	6.4400	-18	-29		
645	6.4500	-16	-27		
646	6.4600	-16	-25		
647	6.4700	-15	-22		
648	6.4800	-14	-20		
649	6.4900	-14	-18		
650	6.5000	-13	-15		
651	6.5100	-12	-13		
652	6.5200	-11	-10		
653	6.5300	-10	-8		
654	6.5400	-10	-5		
655	6.5500	-8	-3		
656	6.5600	-8	0		
657	6.5700	-7	2		
658	6.5800	-6	5		
659	6.5900	-6	7		
660	6.6000	-5	10		
661	6.6100	-4	12		
662	6.6200	-4	14		
663	6.6300	-3	16		
664	6.6400	-2	18		
665	6.6500	-2	20		
666	6.6600	-2	22		
667	6.6700	-2	24		
668	6.6800	-1	26		
669	6.6900	-1	27		
670	6.7000	0	28		
671	6.7100	0	30		
672	6.7200	0	31		
673	6.7300	0	32		
674	6.7400	0	32		
675	6.7500	0	33		
676	6.7600	0	33		
677	6.7700	0	33		
678	6.7800	-1	33		
679	6.7900	-1	33		
680	6.8000	-1	33		
681	6.8100	-2	32		
682	6.8200	-2	32		
683	6.8300	-2	31		
684	6.8400	-3	30		
685	6.8500	-4	29		
686	6.8600	-4	28		
687	6.8700	-5	26		
688	6.8800	-6	25		
689	6.8900	-6	23		
690	6.9000	-7	21		
691	6.9100	-8	19		
692	6.9200	-8	17		
693	6.9300	-9	15		
694	6.9400	-10	13		
695	6.9500	-11	10		
696	6.9600	-12	8		
697	6.9700	-12	5		
698	6.9800	-13	3		
699	6.9900	-14	0		
700	7.0000	-15	-3		
701	7.0100	-16	-6		
702	7.0200	-16	-8		
703	7.0300	-17	-11		
704	7.0400	-18	-14		
705	7.0500	-19	-16		
706	7.0600	-20	-19		
707	7.0700	-20	-22		
708	7.0800	-21	-24		
709	7.0900	-22	-27		
710	7.1000	-22	-30		
711	7.1100	-22	-32		
712	7.1200	-23	-34		
713	7.1300	-24	-36		
714	7.1400	-24	-38		
715	7.1500	-24	-40		
716	7.1600	-24	-42		
717	7.1700	-25	-44		
718	7.1800	-25	-46		
719	7.1900	-25	-47		
720	7.2000	-25	-48		
721	7.2100	-25	-49		
722	7.2200	-25	-50		
723	7.2300	-25	-51		
724	7.2400	-25	-52		
725	7.2500	-25	-52		
726	7.2600	-24	-52		
727	7.2700	-24	-52		
728	7.2800	-24	-52		
729	7.2900	-24	-52		
730	7.3000	-23	-51		
731	7.3100	-22	-50		
732	7.3200	-22	-49		
733	7.3300	-22	-48		
734	7.3400	-21	-47		
735	7.3500	-20	-46		
736	7.3600	-20	-44		
737	7.3700	-19	-42		
738	7.3800	-18	-40		
739	7.3900	-18	-38		
740	7.4000	-17	-36		
741	7.4100	-16	-34		
742	7.4200	-15	-31		
743	7.4300	-14	-28		
744	7.4400	-14	-26		
745	7.4500	-13	-23		
746	7.4600	-12	-20		
747	7.4700	-11	-18		
748	7.4800	-10	-14		
749	7.4900	-10	-12		
750	7.5000	-9	-8		
751	7.5100	-8	-6		
752	7.5200	-7	-2		
753	7.5300	-6	0		
754	7.5400	-6	4		
755	7.5500	-5	6		
756	7.5600	-4	9		
757	7.5700	-4	12		
758	7.5800	-3	15		
759	7.5900	-3	18		
760	7.6000	-2	20		
761	7.6100	-2	23		
762	7.6200	-2	25		
763	7.6300	-1	27		
764	7.6400	-1	29		
765	7.6500	0	31		
766	7.6600	0	33		
767	7.6700	0	35		
768	7.6800	0	36		
769	7.6900	0	37		
770	7.7000	0	38		
771	7.7100	0	39		
772	7.7200	0	40		
773	7.7300	-1	40		
774	7.7400	-1	41		
775	7.7500	-1	41		
776	7.7600	-2	40		
777	7.7700	-2	40		
778	7.7800	-2	40		
779	7.7900	-3	39		
780	7.8000	-4	38		
781	7.8100	-4	37		
782	7.8200	-5	35		
783	7.8300	-5	34		
784	7.8400	-6	32		
785	7.8500	-7	30		
786	7.8600	-8	28		
787	7.8700	-8	26		
788	7.8800	-9	23		
789	7.8900	-10	21		
790	7.9000	-11	18		
791	7.9100	-12	15		
792	7.9200	-12	12		
793	7.9300	-13	9		
794	7.9400	-14	6		
795	7.9500	-15	3		
796	7.9600	-16	0		
797	7.9700	-16	-4		
798	7.9800	-17	-7		
799	7.9900	-18	-10		
800	8.0000	-19	-14		
801	8.0100	-20	-17		
802	8.0200	-20	-20		
803	8.0300	-21	-23		
804	8.0400	-22	-26		
805	8.0500	-22	-30		
806	8.0600	-22	-33		
807	8.0700	-23	-36		
808	8.0800	-24	-38		
809	8.0900	-24	-41		
810	8.1000	-24	-44		
811	8.1100	-24	-46		
812	8.1200	-25	-48		
813	8.1300	-25	-50		
814	8.1400	-25	-52		
815	8.1500	-25	-54		
816	8.1600	-25	-56		
817	8.1700	-25	-57		
818	8.1800	-25	-58		
819	8.1900	-25	-59		
820	8.2000	-25	-60		
821	8.2100	-24	-60		
822	8.2200	-24	-60		
823	8.2300	-24	-60		
824	8.2400	-24	-60		
825	8.2500	-23	-60		
826	8.2600	-23	-59		
827	8.2700	-22	-58		
828	8.2800	-22	-57		
829	8.2900	-21	-56		
830	8.3000	-20	-54		
831	8.3100	-20	-52		
832	8.3200	-19	-50		
833	8.3300	-18	-48		
834	8.3400	-18	-46		
835	8.3500	-17	-43		
836	8.3600	-16	-41		
837	8.3700	-15	-38		
838	8.3800	-14	-35		
839	8.3900	-14	-32		
840	8.4000	-13	-28		
841	8.4100	-12	-25		
842	8.4200	-11	-22		
843	8.4300	-10	-18		
844	8.4400	-10	-14		
845	8.4500	-9	-11		
846	8.4600	-8	-7		
847	8.4700	-7	-4		
848	8.4800	-6	0		
849	8.4900	-6	4		
850	8.5000	-5	7		
851	8.5100	-4	11		
852	8.5200	-4	14		
853	8.5300	-3	18		
854	8.5400	-3	21		
855	8.5500	-2	24		
856	8.5600	-2	27		
857	8.5700	-2	30		
858	8.5800	-1	33		
859	8.5900	-1	35		
860	8.6000	0	38		
861	8.6100	0	40		
862	8.6200	0	42		
863	8.6300	0	44		
864	8.6400	0	45		
865	8.6500	0	46		
866	8.6600	0	48		
867	8.6700	0	48		
868	8.6800	0	49		
869	8.6900	-1	50		
870	8.7000	-1	50		
871	8.7100	-2	50		
872	8.7200	-2	49		
873	8.7300	-2	48		
874	8.7400	-3	48		
875	8.7500	-4	46		
876	8.7600	-4	45		
877	8.7700	-5	44		
878	8.7800	-5	42		
879	8.7900	-6	40		
880	8.8000	-7	37		
881	8.8100	-8	35		
882	8.8200	-8	32		
883	8.8300	-9	29		
884	8.8400	-10	26		
885	8.8500	-11	23		
886	8.8600	-12	20		
887	8.8700	-12	16		
888	8.8800	-13	13		
889	8.8900	-14	9		
890	8.9000	-15	5		
891	8.9100	-16	1		
892	8.9200	-16	-3		
893	8.9300	-17	-7		
894	8.9400	-18	-11		
895	8.9500	-19	-14		
896	8.9600	-20	-18		
897	8.9700	-20	-22		
898	8.9800	-21	-26		
899	8.9900	-21	-30		
900	9.0000	-22	-34		
901	9.0100	-22	-37		
902	9.0200	-23	-41		
903	9.0300	-24	-44		
904	9.0400	-24	-47		
905	9.0500	-24	-50		
906	9.0600	-24	-53		
907	9.0700	-25	-56		
908	9.0800	-25	-58		
909	9.0900	-25	-60		
910	9.1000	-25	-62		
911	9.1100	-25	-64		
912	9.1200	-25	-66		
913	9.1300	-25	-67		
914	9.1400	-25	-68		
915	9.1500	-25	-69		
916	9.1600	-24	-69		
917	9.1700	-24	-69		
918	9.1800	-24	-69		
919	9.1900	-24	-69		
920	9.2000	-23	-68		
921	9.2100	-23	-67		
922	9.2200	-22	-66		
923	9.2300	-22	-65		
924	9.2400	-21	-63		
925	9.2500	-20	-61		
926	9.2600	-20	-59		
927	9.2700	-19	-56		
928	9.2800	-18	-54		
929	9.2900	-18	-51		
930	9.3000	-17	-48		
931	9.3100	-16	-44		
932	9.3200	-15	-41		
933	9.3300	-14	-38		
934	9.3400	-14	-34		
935	9.3500	-13	-30		
936	9.3600	-12	-26		
937	9.3700	-11	-22		
938	9.3800	-10	-18		
939	9.3900	-10	-14		
940	9.4000	-9	-10		
941	9.4100	-8	-5		
942	9.4200	-7	-1		
943	9.4300	-6	3		
944	9.4400	-6	8		
945	9.4500	-5	12		
946	9.4600	-4	16		
947	9.4700	-4	20		
948	9.4800	-3	24		
949	9.4900	-3	27		
950	9.5000	-2	31		
951	9.5100	-2	34		
952	9.5200	-2	37		
953	9.5300	-1	40		
954	9.5400	-1	43		
955	9.5500	0	46		
956	9.5600	0	48		
957	9.5700	0	50		
958	9.5800	0	52		
959	9.5900	0	54		
960	9.6000	0	55		
961	9.6100	0	56		
962	9.6200	0	57		
963	9.6300	0	58		
964	9.6400	-1	58		
965	9.6500	-1	58		
966	9.6600	-2	58		
967	9.6700	-2	57		
968	9.6800	-2	56		
969	9.6900	-3	54		
970	9.7000	-4	53		
971	9.7100	-4	51		
972	9.7200	-4	49		
973	9.7300	-5	47		
974	9.7400	-6	44		
975	9.7500	-7	41		
976	9.7600	-8	38		
977	9.7700	-8	35		
978	9.7800	-9	32		
979	9.7900	-10	28		
980	9.8000	-10	24		
981	9.8100	-12	20		
982	9.8200	-12	16		
983	9.8300	-13	12		
984	9.8400	-14	8		
985	9.8500	-15	3		
986	9.8600	-16	-1		
987	9.8700	-16	-6		
988	9.8800	-17	-10		
989	9.8900	-18	-15		
990	9.9000	-19	-19		
991	9.9100	-20	-24		
992	9.9200	-20	-28		
993	9.9300	-21	-32		
994	9.9400	-22	-36		
995	9.9500	-22	-40		
996	9.9600	-22	-44		
997	9.9700	-23	-48		
998	9.9800	-24	-52		
999	9.9900	-24	-55		
1000	10.0000	-24	-58		
1001	10.0100	-24	-62		
1002	10.0200	-25	-64		
1003	10.0300	-25	-67		
1004	10.0400	-25	-69		
1005	10.0500	-25	-71		
1006	10.0600	-25	-73		
1007	10.0700	-25	-74		
1008	10.0800	-25	-75		
1009	10.0900	-25	-76		
1010	10.1000	-25	-76		
1011	10.1100	-25	-77		
1012	10.1200	-24	-76		
1013	10.1300	-24	-76		
1014	10.1400	-24	-75		
1015	10.1500	-23	-74		
1016	10.1600	-23	-73		
1017	10.1700	-22	-71		
1018	10.1800	-22	-70		
1019	10.1900	-21	-67		
1020	10.2000	-20	-65		
1021	10.2100	-20	-62		
1022	10.2200	-19	-59		
1023	10.2300	-18	-56		
1024	10.2400	-18	-52		
1025	10.2500	-17	-49		
1026	10.2600	-16	-45		
1027	10.2700	-15	-41		
1028	10.2800	-14	-36		
1029	10.2900	-14	-32		
1030	10.3000	-13	-28		
1031	10.3100	-12	-23		
1032	10.3200	-11	-18		
1033	10.3300	-10	-14		
1034	10.3400	-10	-9		
1035	10.3500	-9	-4		
1036	10.3600	-8	0		
1037	10.3700	-7	5		
1038	10.3800	-6	10		
1039	10.3900	-6	14		
1040	10.4000	-5	19		
1041	10.4100	-4	23		
1042	10.4200	-4	27		
1043	10.4300	-3	32		
1044	10.4400	-3	35		
1045	10.4500	-2	39		
1046	10.4600	-2	43		
1047	10.4700	-1	46		
1048	10.4800	-1	49		
1049	10.4900	-1	52		
1050	10.5000	0	54		
1051	10.5100	0	57		
1052	10.5200	0	59		
1053	10.5300	0	60		
1054	10.5400	0	62		
1055	10.5500	0	63		
1056	10.5600	0	64		
1057	10.5700	0	64		
1058	10.5800	0	64		
1059	10.5900	-1	64		
1060	10.6000	-1	64		
1061	10.6100	-2	63		
1062	10.6200	-2	62		
1063	10.6300	-2	60		
1064	10.6400	-3	58		
1065	10.6500	-3	56		
1066	10.6600	-4	54		
1067	10.6700	-4	51		
1068	10.6800	-5	48		
1069	10.6900	-6	45		
1070	10.7000	-6	42		
1071	10.7100	-7	38		
1072	10.7200	-8	34		
1073	10.7300	-9	30		
1074	10.7400	-10	26		
1075	10.7500	-10	22		
1076	10.7600	-12	17		
1077	10.7700	-12	12		
1078	10.7800	-13	8		
1079	10.7900	-14	3		
1080	10.8000	-15	-2		
1081	10.8100	-16	-7		
1082	10.8200	-16	-12		
1083	10.8300	-17	-17		
1084	10.8400	-18	-22		
1085	10.8500	-19	-26		
1086	10.8600	-20	-31		
1087	10.8700	-20	-36		
1088	10.8800	-21	-40		
1089	10.8900	-22	-45		
1090	10.9000	-22	-49		
1091	10.9100	-22	-53		
1092	10.9200	-23	-57		
1093	10.9300	-24	-60		
1094	10.9400	-24	-64		
1095	10.9500	-24	-67		
1096	10.9600	-24	-70		
1097	10.9700	-25	-72		
1098	10.9800	-25	-75		
1099	10.9900	-25	-77		
1100	11.0000	-25	-78		
1101	11.0100	-25	-80		
1102	11.0200	-25	-81		
1103	11.0300	-25	-82		
1104	11.0400	-25	-82		
1105	11.0500	-25	-82		
1106	11.0600	-25	-82		
1107	11.0700	-24	-81		
1108	11.0800	-24	-80		
1109	11.0900	-24	-79		
1110	11.1000	-23	-77		
1111	11.1100	-23	-75		
1112	11.1200	-22	-73		
1113	11.1300	-22	-70		
1114	11.1400	-21	-68		
1115	11.1500	-20	-64		
1116	11.1600	-20	-61		
1117	11.1700	-19	-58		
1118	11.1800	-18	-54		
1119	11.1900	-18	-50		
1120	11.2000	-17	-46		
1121	11.2100	-16	-41		
1122	11.2200	-15	-36		
1123	11.2300	-14	-32		
1124	11.2400	-14	-27		
1125	11.2500	-13	-22		
1126	11.2600	-12	-17		
1127	11.2700	-11	-12		
1128	11.2800	-10	-7		
1129	11.2900	-10	-2		
1130	11.3000	-9	3		
1131	11.3100	-8	8		
1132	11.3200	-7	13		
1133	11.3300	-6	18		
1134	11.3400	-6	22		
1135	11.3500	-5	27		
1136	11.3600	-4	32		
1137	11.3700	-4	36		
1138	11.3800	-3	40		
1139	11.3900	-3	44		
1140	11.4000	-2	47		
1141	11.4100	-2	51		
1142	11.4200	-1	54		
1143	11.4300	-1	57		
1144	11.4400	-1	59		
1145	11.4500	0	62		
1146	11.4600	0	64		
1147	11.4700	0	65		
1148	11.4800	0	66		
1149	11.4900	0	67		
1150	11.5000	0	68		
1151	11.5100	0	68		
1152	11.5200	0	68		
1153	11.5300	0	68		
1154	11.5400	-1	67		
1155	11.5500	-1	66		
1156	11.5600	-2	64		
1157	11.5700	-2	63		
1158	11.5800	-2	61		
1159	11.5900	-3	58		
1160	11.6000	-3	56		
1161	11.6100	-4	53		
1162	11.6200	-4	50		
1163	11.6300	-5	46		
1164	11.6400	-6	42		
1165	11.6500	-6	38		
1166	11.6600	-7	34		
1167	11.6700	-8	30		
1168	11.6800	-9	25		
1169	11.6900	-10	20		
1170	11.7000	-10	16		
1171	11.7100	-12	11		
1172	11.7200	-12	6		
1173	11.7300	-13	0		
1174	11.7400	-14	-4		
1175	11.7500	-15	-10		
1176	11.7600	-16	-15		
1177	11.7700	-16	-20		
1178	11.7800	-17	-25		
1179	11.7900	-18	-30		
1180	11.8000	-19	-35		
1181	11.8100	-20	-40		
1182	11.8200	-20	-44		
1183	11.8300	-21	-49		
1184	11.8400	-21	-53		
1185	11.8500	-22	-57		
1186	11.8600	-22	-61		
1187	11.8700	-23	-64		
1188	11.8800	-24	-68		
1189	11.8900	-24	-71		
1190	11.9000	-24	-74		
1191	11.9100	-24	-76		
1192	11.9200	-25	-78		
1193	11.9300	-25	-80		
1194	11.9400	-25	-82		
1195	11.9500	-25	-83		
1196	11.9600	-25	-84		
1197	11.9700	-25	-84		
1198	11.9800	-25	-84		
1199	11.9900	-25	-84		
1200	12.0000	-25	-84		
1201	12.0100	-25	-83		
1202	12.0200	-24	-82		
1203	12.0300	-24	-80		
1204	12.0400	-24	-78		
1205	12.0500	-23	-76		
1206	12.0600	-23	-74		
1207	12.0700	-22	-71		
1208	12.0800	-22	-68		
1209	12.0900	-21	-64		
1210	12.1000	-20	-61		
1211	12.1100	-20	-57		
1212	12.1200	-19	-53		
1213	12.1300	-18	-48		
1214	12.1400	-18	-44		
1215	12.1500	-17	-39		
1216	12.1600	-16	-34		
1217	12.1700	-15	-30		
1218	12.1800	-14	-24		
1219	12.1900	-14	-20		
1220	12.2000	-13	-14		
1221	12.2100	-12	-9		
1222	12.2200	-11	-4		
1223	12.2300	-10	1		
1224	12.2400	-10	6		
1225	12.2500	-9	12		
1226	12.2600	-8	16		
1227	12.2700	-7	21		
1228	12.2800	-6	26		
1229	12.2900	-6	30		
1230	12.3000	-5	35		
1231	12.3100	-4	39		
1232	12.3200	-4	43		
1233	12.3300	-3	47		
1234	12.3400	-3	51		
1235	12.3500	-2	54		
1236	12.3600	-2	57		
1237	12.3700	-1	60		
1238	12.3800	-1	62		
1239	12.3900	-1	64		
1240	12.4000	0	66		
1241	12.4100	0	67		
1242	12.4200	0	68		
1243	12.4300	0	69		
1244	12.4400	0	70		
1245	12.4500	0	70		
1246	12.4600	0	69		
1247	12.4700	0	68		
1248	12.4800	0	68		
1249	12.4900	-1	66		
1250	12.5000	-1	64		
1251	12.5100	-2	62		
1252	12.5200	-2	60		
1253	12.5300	-2	58		
1254	12.5400	-3	55		
1255	12.5500	-3	52		
1256	12.5600	-4	48		
1257	12.5700	-4	44		
1258	12.5800	-5	40		
1259	12.5900	-6	36		
1260	12.6000	-6	32		
1261	12.6100	-7	27		
1262	12.6200	-8	22		
1263	12.6300	-9	18		
1264	12.6400	-10	13		
1265	12.6500	-10	8		
1266	12.6600	-12	2		
1267	12.6700	-12	-2		
1268	12.6800	-13	-8		
1269	12.6900	-14	-13		
1270	12.7000	-15	-18		
1271	12.7100	-16	-23		
1272	12.7200	-16	-28		
1273	12.7300	-17	-33		
1274	12.7400	-18	-38		
1275	12.7500	-19	-43		
1276	12.7600	-20	-47		
1277	12.7700	-20	-52		
1278	12.7800	-21	-56		
1279	12.7900	-22	-60		
1280	12.8000	-22	-63		
1281	12.8100	-22	-67		
1282	12.8200	-23	-70		
1283	12.8300	-24	-73		
1284	12.8400	-24	-75		
1285	12.8500	-24	-78		
1286	12.8600	-24	-80		
1287	12.8700	-25	-81		
1288	12.8800	-25	-82		
1289	12.8900	-25	-84		
1290	12.9000	-25	-84		
1291	12.9100	-25	-84		
1292	12.9200	-25	-84		
1293	12.9300	-25	-84		
1294	12.9400	-25	-83		
1295	12.9500	-25	-82		
1296	12.9600	-25	-81		
1297	12.9700	-24	-79		
1298	12.9800	-24	-77		
1299	12.9900	-24	-74		
1300	13.0000	-23	-72		
1301	13.0100	-23	-69		
1302	13.0200	-22	-65		
1303	13.0300	-22	-62		
1304	13.0400	-21	-58		
1305	13.0500	-20	-54		
1306	13.0600	-20	-50		
1307	13.0700	-19	-46		
1308	13.0800	-18	-41		
1309	13.0900	-18	-36		
1310	13.1000	-17	-32		
1311	13.1100	-16	-26		
1312	13.1200	-15	-21		
1313	13.1300	-14	-16		
1314	13.1400	-14	-11		
1315	13.1500	-13	-6		
1316	13.1600	-12	-1		
1317	13.1700	-11	4		
1318	13.1800	-10	9		
1319	13.1900	-10	14		
1320	13.2000	-9	19		
1321	13.2100	-8	24		
1322	13.2200	-7	28		
1323	13.2300	-6	32		
1324	13.2400	-6	37		
1325	13.2500	-5	41		
1326	13.2600	-4	45		
1327	13.2700	-4	48		
1328	13.2800	-3	52		
1329	13.2900	-3	54		
1330	13.3000	-2	57		
1331	13.3100	-2	60		
1332	13.3200	-1	62		
1333	13.3300	-1	64		
1334	13.3400	-1	65		
1335	13.3500	0	66		
1336	13.3600	0	67		
1337	13.3700	0	68		
1338	13.3800	0	68		
1339	13.3900	0	68		
1340	13.4000	0	67		
1341	13.4100	0	66		
1342	13.4200	0	65		
1343	13.4300	0	64		
1344	13.4400	-1	62		
1345	13.4500	-1	60		
1346	13.4600	-2	57		
1347	13.4700	-2	54		
1348	13.4800	-2	52		
1349	13.4900	-3	48		
1350	13.5000	-3	45		
1351	13.5100	-4	41		
1352	13.5200	-4	37		
1353	13.5300	-5	33		
1354	13.5400	-6	28		
1355	13.5500	-6	24		
1356	13.5600	-7	19		
1357	13.5700	-8	14		
1358	13.5800	-9	10		
1359	13.5900	-10	5		
1360	13.6000	-10	0		
1361	13.6100	-12	-6		
1362	13.6200	-12	-10		
1363	13.6300	-13	-16		
1364	13.6400	-14	-20		
1365	13.6500	-15	-25		
1366	13.6600	-16	-30		
1367	13.6700	-16	-35		
1368	13.6800	-17	-39		
1369	13.6900	-18	-44		
1370	13.7000	-19	-48		
1371	13.7100	-20	-52		
1372	13.7200	-20	-56		
1373	13.7300	-21	-60		
1374	13.7400	-22	-63		
1375	13.7500	-22	-66		
1376	13.7600	-22	-69		
1377	13.7700	-23	-72		
1378	13.7800	-24	-74		
1379	13.7900	-24	-76		
1380	13.8000	-24	-78		
1381	13.8100	-24	-79		
1382	13.8200	-25	-80		
1383	13.8300	-25	-81		
1384	13.8400	-25	-81		
1385	13.8500	-25	-82		
1386	13.8600	-25	-81		
1387	13.8700	-25	-80		
1388	13.8800	-25	-80		
1389	13.8900	-25	-78		
1390	13.9000	-25	-77		
1391	13.9100	-25	-75		
1392	13.9200	-24	-73		
1393	13.9300	-24	-70		
1394	13.9400	-24	-68		
1395	13.9500	-23	-64		
1396	13.9600	-23	-61		
1397	13.9700	-22	-58		
1398	13.9800	-22	-54		
1399	13.9900	-21	-50		
1400	14.0000	-20	-46		
1401	14.0100	-20	-42		
1402	14.0200	-19	-37		
1403	14.0300	-18	-33		
1404	14.0400	-18	-28		
1405	14.0500	-17	-23		
1406	14.0600	-16	-18		
1407	14.0700	-15	-14		
1408	14.0800	-14	-9		
1409	14.0900	-14	-4		
1410	14.1000	-13	1		
1411	14.1100	-12	6		
1412	14.1200	-11	10		
1413	14.1300	-10	15		
1414	14.1400	-10	20		
1415	14.1500	-9	24		
1416	14.1600	-8	28		
1417	14.1700	-7	32		
1418	14.1800	-6	36		
1419	14.1900	-6	40		
1420	14.2000	-5	43		
1421	14.2100	-4	47		
1422	14.2200	-4	50		
1423	14.2300	-3	52		
1424	14.2400	-3	55		
1425	14.2500	-2	57		
1426	14.2600	-2	59		
1427	14.2700	-1	60		
1428	14.2800	-1	62		
1429	14.2900	-1	63		
1430	14.3000	0	63		
1431	14.3100	0	64		
1432	14.3200	0	64		
1433	14.3300	0	63		
1434	14.3400	0	63		
1435	14.3500	0	62		
1436	14.3600	0	60		
1437	14.3700	0	59		
1438	14.3800	0	57		
1439	14.3900	-1	55		
1440	14.4000	-1	52		
1441	14.4100	-2	50		
1442	14.4200	-2	47		
1443	14.4300	-2	44		
1444	14.4400	-3	40		
1445	14.4500	-3	36		
1446	14.4600	-4	33		
1447	14.4700	-4	29		
1448	14.4800	-5	25		
1449	14.4900	-6	20		
1450	14.5000	-6	16		
1451	14.5100	-8	12		
1452	14.5200	-8	7		
1453	14.5300	-9	2		
1454	14.5400	-10	-2		
1455	14.5500	-10	-7		
1456	14.5600	-12	-12		
1457	14.5700	-12	-16		
1458	14.5800	-13	-21		
1459	14.5900	-14	-26		
1460	14.6000	-15	-30		
1461	14.6100	-16	-34		
1462	14.6200	-16	-39		
1463	14.6300	-17	-43		
1464	14.6400	-18	-46		
1465	14.6500	-19	-50		
1466	14.6600	-19	-54		
1467	14.6700	-20	-57		
1468	14.6800	-21	-60		
1469	14.6900	-21	-63		
1470	14.7000	-22	-66		
1471	14.7100	-22	-68		
1472	14.7200	-23	-70		
1473	14.7300	-24	-72		
1474	14.7400	-24	-73		
1475	14.7500	-24	-74		
1476	14.7600	-24	-75		
1477	14.7700	-25	-76		
1478	14.7800	-25	-76		
1479	14.7900	-25	-76		
1480	14.8000	-25	-76		
1481	14.8100	-25	-75		
1482	14.8200	-25	-74		
1483	14.8300	-25	-73		
1484	14.8400	-25	-71		
1485	14.8500	-25	-69		
1486	14.8600	-25	-67		
1487	14.8700	-24	-65		
1488	14.8800	-24	-62		
1489	14.8900	-24	-60		
1490	14.9000	-23	-56		
1491	14.9100	-23	-53		
1492	14.9200	-22	-50		
1493	14.9300	-22	-46		
1494	14.9400	-21	-42		
1495	14.9500	-20	-38		
1496	14.9600	-20	-34		
1497	14.9700	-19	-30		
1498	14.9800	-18	-26		
1499	14.9900	-18	-21		
1500	15.0000	-17	-17		
1501	15.0100	-16	-12		
1502	15.0200	-15	-8		
1503	15.0300	-14	-4		
1504	15.0400	-14	1		
1505	15.0500	-13	5		
1506	15.0600	-12	10		
1507	15.0700	-11	14		
1508	15.0800	-10	18		
1509	15.0900	-10	22		
1510	15.1000	-9	26		
1511	15.1100	-8	30		
1512	15.1200	-7	33		
1513	15.1300	-6	36		
1514	15.1400	-6	39		
1515	15.1500	-5	42		
1516	15.1600	-4	45		
1517	15.1700	-4	47		
1518	15.1800	-3	50		
1519	15.1900	-3	52		
1520	15.2000	-2	53		
1521	15.2100	-2	54		
1522	15.2200	-2	56		
1523	15.2300	-1	56		
1524	15.2400	-1	57		
1525	15.2500	0	57		
1526	15.2600	0	57		
1527	15.2700	0	57		
1528	15.2800	0	56		
1529	15.2900	0	55		
1530	15.3000	0	54		
1531	15.3100	0	53		
1532	15.3200	0	51		
1533	15.3300	0	49		
1534	15.3400	-1	47		
1535	15.3500	-1	44		
1536	15.3600	-2	42		
1537	15.3700	-2	39		
1538	15.3800	-2	36		
1539	15.3900	-3	32		
1540	15.4000	-3	29		
1541	15.4100	-4	25		
1542	15.4200	-4	22		
1543	15.4300	-5	18		
1544	15.4400	-6	14		
1545	15.4500	-6	10		
1546	15.4600	-8	6		
1547	15.4700	-8	2		
1548	15.4800	-9	-3		
1549	15.4900	-10	-7		
1550	15.5000	-10	-11		
1551	15.5100	-12	-15		
1552	15.5200	-12	-20		
1553	15.5300	-13	-24		
1554	15.5400	-14	-28		
1555	15.5500	-15	-31		
1556	15.5600	-16	-35		
1557	15.5700	-16	-39		
1558	15.5800	-17	-42		
1559	15.5900	-18	-46		
1560	15.6000	-18	-49		
1561	15.6100	-19	-52		
1562	15.6200	-20	-54		
1563	15.6300	-21	-57		
1564	15.6400	-21	-59		
1565	15.6500	-22	-61		
1566	15.6600	-22	-63		
1567	15.6700	-23	-65		
1568	15.6800	-24	-66		
1569	15.6900	-24	-67		
1570	15.7000	-24	-68		
1571	15.7100	-24	-68		
1572	15.7200	-25	-69		
1573	15.7300	-25	-69		
1574	15.7400	-25	-68		
1575	15.7500	-25	-68		
1576	15.7600	-25	-67		
1577	15.7700	-25	-66		
1578	15.7800	-25	-65		
1579	15.7900	-25	-63		
1580	15.8000	-25	-61		
1581	15.8100	-25	-59		
1582	15.8200	-24	-57		
1583	15.8300	-24	-54		
1584	15.8400	-24	-52		
1585	15.8500	-23	-49		
1586	15.8600	-23	-46		
1587	15.8700	-22	-43		
1588	15.8800	-22	-40		
1589	15.8900	-21	-36		
1590	15.9000	-20	-32		
1591	15.9100	-20	-28		
1592	15.9200	-19	-25		
1593	15.9300	-18	-21		
1594	15.9400	-18	-17		
1595	15.9500	-17	-13		
1596	15.9600	-16	-9		
1597	15.9700	-15	-5		
1598	15.9800	-14	-2		
1599	15.9900	-14	2		
1600	16.0000	-13	6		
1601	16.0100	-12	10		
1602	16.0200	-11	14		
1603	16.0300	-10	17		
1604	16.0400	-10	21		
1605	16.0500	-9	24		
1606	16.0600	-8	27		
1607	16.0700	-7	30		
1608	16.0800	-6	33		
1609	16.0900	-6	35		
1610	16.1000	-5	38		
1611	16.1100	-4	40		
1612	16.1200	-4	42		
1613	16.1300	-3	44		
1614	16.1400	-3	45		
1615	16.1500	-2	47		
1616	16.1600	-2	48		
1617	16.1700	-2	48		
1618	16.1800	-1	49		
1619	16.1900	-1	49		
1620	16.2000	0	50		
1621	16.2100	0	49		
1622	16.2200	0	49		
1623	16.2300	0	48		
1624	16.2400	0	47		
1625	16.2500	0	46		
1626	16.2600	0	45		
1627	16.2700	0	43		
1628	16.2800	0	41		
1629	16.2900	-1	39		
1630	16.3000	-1	37		
1631	16.3100	-2	34		
1632	16.3200	-2	32		
1633	16.3300	-2	29		
1634	16.3400	-3	26		
1635	16.3500	-3	23		
1636	16.3600	-4	20		
1637	16.3700	-4	17		
1638	16.3800	-5	13		
1639	16.3900	-6	10		
1640	16.4000	-6	6		
1641	16.4100	-7	3		
1642	16.4200	-8	-1		
1643	16.4300	-9	-4		
1644	16.4400	-10	-8		
1645	16.4500	-10	-12		
1646	16.4600	-12	-15		
1647	16.4700	-12	-19		
1648	16.4800	-13	-22		
1649	16.4900	-14	-26		
1650	16.5000	-15	-29		
1651	16.5100	-16	-32		
1652	16.5200	-16	-36		
1653	16.5300	-17	-38		
1654	16.5400	-18	-41		
1655	16.5500	-18	-44		
1656	16.5600	-19	-46		
1657	16.5700	-20	-49		
1658	16.5800	-21	-51		
1659	16.5900	-21	-53		
1660	16.6000	-22	-55		
1661	16.6100	-22	-56		
1662	16.6200	-23	-58		
1663	16.6300	-24	-58		
1664	16.6400	-24	-59		
1665	16.6500	-24	-60		
1666	16.6600	-24	-60		
1667	16.6700	-25	-61		
1668	16.6800	-25	-61		
1669	16.6900	-25	-60		
1670	16.7000	-25	-60		
1671	16.7100	-25	-59		
1672	16.7200	-25	-58		
1673	16.7300	-25	-57		
1674	16.7400	-25	-56		
1675	16.7500	-25	-54		
1676	16.7600	-25	-52		
1677	16.7700	-24	-50		
1678	16.7800	-24	-48		
1679	16.7900	-24	-46		
1680	16.8000	-23	-44		
1681	16.8100	-23	-41		
1682	16.8200	-22	-38		
1683	16.8300	-22	-35		
1684	16.8400	-21	-32		
1685	16.8500	-20	-29		
1686	16.8600	-20	-26		
1687	16.8700	-19	-23		
1688	16.8800	-18	-20		
1689	16.8900	-18	-16		
1690	16.9000	-17	-13		
1691	16.9100	-16	-10		
1692	16.9200	-15	-6		
1693	16.9300	-14	-3		
1694	16.9400	-14	0		
1695	16.9500	-13	4		
1696	16.9600	-12	7		
1697	16.9700	-11	10		
1698	16.9800	-10	13		
1699	16.9900	-10	16		
1700	17.0000	-9	19		
1701	17.0100	-8	22		
1702	17.0200	-7	24		
1703	17.0300	-6	26		
1704	17.0400	-6	29		
1705	17.0500	-5	31		
1706	17.0600	-4	33		
1707	17.0700	-4	34		
1708	17.0800	-3	36		
1709	17.0900	-3	38		
1710	17.1000	-2	38		
1711	17.1100	-2	40		
1712	17.1200	-2	40		
1713	17.1300	-1	41		
1714	17.1400	-1	41		
1715	17.1500	0	41		
1716	17.1600	0	41		
1717	17.1700	0	41		
1718	17.1800	0	40		
1719	17.1900	0	40		
1720	17.2000	0	39		
1721	17.2100	0	38		
1722	17.2200	0	36		
1723	17.2300	0	35		
1724	17.2400	-1	34		
1725	17.2500	-1	32		
1726	17.2600	-2	30		
1727	17.2700	-2	28		
1728	17.2800	-2	25		
1729	17.2900	-3	23		
1730	17.3000	-3	20		
1731	17.3100	-4	18		
1732	17.3200	-4	15		
1733	17.3300	-5	12		
1734	17.3400	-6	9		
1735	17.3500	-6	6		
1736	17.3600	-7	3		
1737	17.3700	-8	0		
1738	17.3800	-9	-3		
1739	17.3900	-10	-6		
1740	17.4000	-10	-9		
1741	17.4100	-11	-12		
1742	17.4200	-12	-15		
1743	17.4300	-13	-18		
1744	17.4400	-14	-21		
1745	17.4500	-15	-24		
1746	17.4600	-16	-27		
1747	17.4700	-16	-30		
1748	17.4800	-17	-32		
1749	17.4900	-18	-34		
1750	17.5000	-18	-37		
1751	17.5100	-19	-39		
1752	17.5200	-20	-41		
1753	17.5300	-20	-43		
1754	17.5400	-21	-45		
1755	17.5500	-22	-47		
1756	17.5600	-22	-48		
1757	17.5700	-23	-49		
1758	17.5800	-23	-50		
1759	17.5900	-24	-52		
1760	17.6000	-24	-52		
1761	17.6100	-24	-53		
1762	17.6200	-25	-53		
1763	17.6300	-25	-53		
1764	17.6400	-25	-53		
1765	17.6500	-25	-53		
1766	17.6600	-25	-53		
1767	17.6700	-25	-52		
1768	17.6800	-25	-51		
1769	17.6900	-25	-50		
1770	17.7000	-25	-49		
1771	17.7100	-24	-48		
1772	17.7200	-24	-46		
1773	17.7300	-24	-45		
1774	17.7400	-24	-43		
1775	17.7500	-23	-41		
1776	17.7600	-23	-39		
1777	17.7700	-22	-37		
1778	17.7800	-22	-35		
1779	17.7900	-21	-32		
1780	17.8000	-20	-30		
1781	17.8100	-20	-27		
1782	17.8200	-19	-24		
1783	17.8300	-18	-22		
1784	17.8400	-18	-19		
1785	17.8500	-17	-16		
1786	17.8600	-16	-14		
1787	17.8700	-16	-10		
1788	17.8800	-14	-8		
1789	17.8900	-14	-5		
1790	17.9000	-13	-2		
1791	17.9100	-12	1		
1792	17.9200	-11	4		
1793	17.9300	-10	6		
1794	17.9400	-10	9		
1795	17.9500	-9	11		
1796	17.9600	-8	14		
1797	17.9700	-7	16		
1798	17.9800	-6	18		
1799	17.9900	-6	21		
1800	18.0000	-5	23		
1801	18.0100	-4	24		
1802	18.0200	-4	26		
1803	18.0300	-3	28		
1804	18.0400	-3	30		
1805	18.0500	-2	31		
1806	18.0600	-2	32		
1807	18.0700	-2	33		
1808	18.0800	-1	34		
1809	18.0900	-1	34		
1810	18.1000	0	35		
1811	18.1100	0	35		
1812	18.1200	0	35		
1813	18.1300	0	35		
1814	18.1400	0	35		
1815	18.1500	0	34		
1816	18.1600	0	34		
1817	18.1700	0	33		
1818	18.1800	0	32		
1819	18.1900	-1	31		
1820	18.2000	-1	30		
1821	18.2100	-2	28		
1822	18.2200	-2	27		
1823	18.2300	-2	25		
1824	18.2400	-3	23		
1825	18.2500	-3	21		
1826	18.2600	-4	19		
1827	18.2700	-4	17		
1828	18.2800	-5	15		
1829	18.2900	-6	12		
1830	18.3000	-6	10		
1831	18.3100	-7	8		
1832	18.3200	-8	5		
1833	18.3300	-9	2		
1834	18.3400	-10	0		
1835	18.3500	-10	-3		
1836	18.3600	-11	-6		
1837	18.3700	-12	-8		
1838	18.3800	-13	-11		
1839	18.3900	-14	-14		
1840	18.4000	-14	-16		
1841	18.4100	-16	-19		
1842	18.4200	-16	-22		
1843	18.4300	-17	-24		
1844	18.4400	-18	-26		
1845	18.4500	-18	-29		
1846	18.4600	-19	-31		
1847	18.4700	-20	-33		
1848	18.4800	-20	-35		
1849	18.4900	-21	-37		
1850	18.5000	-22	-39		
1851	18.5100	-22	-40		
1852	18.5200	-23	-42		
1853	18.5300	-23	-44		
1854	18.5400	-24	-45		
1855	18.5500	-24	-46		
1856	18.5600	-24	-47		
1857	18.5700	-25	-48		
1858	18.5800	-25	-48		
1859	18.5900	-25	-48		
1860	18.6000	-25	-49		
1861	18.6100	-25	-49		
1862	18.6200	-25	-49		
1863	18.6300	-25	-48		
1864	18.6400	-25	-48		
1865	18.6500	-25	-48		
1866	18.6600	-25	-47		
1867	18.6700	-24	-46		
1868	18.6800	-24	-45		
1869	18.6900	-24	-44		
1870	18.7000	-23	-42		
1871	18.7100	-23	-41		
1872	18.7200	-22	-39		
1873	18.7300	-22	-38		
1874	18.7400	-21	-36		
1875	18.7500	-20	-34		
1876	18.7600	-20	-32		
1877	18.7700	-19	-29		
1878	18.7800	-18	-27		
1879	18.7900	-18	-25		
1880	18.8000	-17	-22		
1881	18.8100	-16	-20		
1882	18.8200	-16	-17		
1883	18.8300	-14	-15		
1884	18.8400	-14	-12		
1885	18.8500	-13	-10		
1886	18.8600	-12	-7		
1887	18.8700	-11	-4		
1888	18.8800	-10	-2		
1889	18.8900	-10	1		
1890	18.9000	-9	4		
1891	18.9100	-8	6		
1892	18.9200	-8	8		
1893	18.9300	-7	11		
1894	18.9400	-6	13		
1895	18.9500	-5	15		
1896	18.9600	-4	17		
1897	18.9700	-4	19		
1898	18.9800	-4	21		
1899	18.9900	-3	23		
1900	19.0000	-2	25		
1901	19.0100	-2	26		
1902	19.0200	-2	28		
1903	19.0300	-1	29		
1904	19.0400	-1	30		
1905	19.0500	-1	31		
1906	19.0600	0	32		
1907	19.0700	0	32		
1908	19.0800	0	33		
1909	19.0900	0	33		
1910	19.1000	0	33		
1911	19.1100	0	33		
1912	19.1200	0	33		
1913	19.1300	0	32		
1914	19.1400	-1	32		
1915	19.1500	-1	31		
1916	19.1600	-2	30		
1917	19.1700	-2	30		
1918	19.1800	-2	28		
1919	19.1900	-3	27		
1920	19.2000	-3	26		
1921	19.2100	-4	24		
1922	19.2200	-4	22		
1923	19.2300	-5	20		
1924	19.2400	-6	18		
1925	19.2500	-6	16		
1926	19.2600	-7	14		
1927	19.2700	-8	12		
1928	19.2800	-9	10		
1929	19.2900	-10	7		
1930	19.3000	-10	5		
1931	19.3100	-11	2		
1932	19.3200	-12	0		
1933	19.3300	-13	-3		
1934	19.3400	-14	-6		
1935	19.3500	-14	-8		
1936	19.3600	-15	-11		
1937	19.3700	-16	-14		
1938	19.3800	-17	-16		
1939	19.3900	-18	-19		
1940	19.4000	-18	-21		
1941	19.4100	-19	-24		
1942	19.4200	-20	-26		
1943	19.4300	-20	-29		
1944	19.4400	-21	-31		
1945	19.4500	-22	-33		
1946	19.4600	-22	-35		
1947	19.4700	-23	-37		
1948	19.4800	-23	-39		
1949	19.4900	-24	-41		
1950	19.5000	-24	-42		
1951	19.5100	-24	-44		
1952	19.5200	-25	-45		
1953	19.5300	-25	-46		
1954	19.5400	-25	-47		
1955	19.5500	-25	-48		
1956	19.5600	-25	-49		
1957	19.5700	-25	-49		
1958	19.5800	-25	-50		
1959	19.5900	-25	-50		
1960	19.6000	-25	-50		
1961	19.6100	-25	-50		
1962	19.6200	-24	-49		
1963	19.6300	-24	-48		
1964	19.6400	-24	-48		
1965	19.6500	-23	-47		
1966	19.6600	-23	-46		
1967	19.6700	-22	-45		
1968	19.6800	-22	-44		
1969	19.6900	-21	-42		
1970	19.7000	-20	-40		
1971	19.7100	-20	-38		
1972	19.7200	-19	-36		
1973	19.7300	-18	-34		
1974	19.7400	-18	-32		
1975	19.7500	-17	-30		
1976	19.7600	-16	-28		
1977	19.7700	-16	-25		
1978	19.7800	-15	-23		
1979	19.7900	-14	-20		
1980	19.8000	-13	-18		
1981	19.8100	-12	-15		
1982	19.8200	-12	-12		
1983	19.8300	-10	-9		
1984	19.8400	-10	-6		
1985	19.8500	-9	-4		
1986	19.8600	-8	-1		
1987	19.8700	-8	2		
1988	19.8800	-7	4		
1989	19.8900	-6	7		
1990	19.9000	-5	10		
1991	19.9100	-5	12		
1992	19.9200	-4	15		
1993	19.9300	-4	17		
1994	19.9400	-3	19		
1995	19.9500	-2	21		
1996	19.9600	-2	24		
1997	19.9700	-2	25		
1998	19.9800	-1	27		
1999	19.9900	-1	29		
2000	20.0000	-1	30		
