#	time(s)	count A	count B	count C	count D
1	0.0100	42			
2	0.0200	42			
3	0.0300	41			
4	0.0400	41			
5	0.0500	40			
6	0.0600	40			
7	0.0700	39			
8	0.0800	38			
9	0.0900	37			
10	0.1000	36			
11	0.1100	35			
12	0.1200	34			
13	0.1300	33			
14	0.1400	31			
15	0.1500	30			
16	0.1600	28			
17	0.1700	26			
18	0.1800	25			
19	0.1900	23			
20	0.2000	21			
21	0.2100	19			
22	0.2200	17			
23	0.2300	15			
24	0.2400	13			
25	0.2500	11			
26	0.2600	9			
27	0.2700	7			
28	0.2800	5			
29	0.2900	3			
30	0.3000	1			
31	0.3100	-1			
32	0.3200	-3			
33	0.3300	-5			
34	0.3400	-7			
35	0.3500	-8			
36	0.3600	-10			
37	0.3700	-12			
38	0.3800	-14			
39	0.3900	-15			
40	0.4000	-17			
41	0.4100	-18			
42	0.4200	-20			
43	0.4300	-21			
44	0.4400	-22			
45	0.4500	-23			
46	0.4600	-24			
47	0.4700	-24			
48	0.4800	-26			
49	0.4900	-26			
50	0.5000	-27			
51	0.5100	-27			
52	0.5200	-28			
53	0.5300	-28			
54	0.5400	-28			
55	0.5500	-28			
56	0.5600	-28			
57	0.5700	-28			
58	0.5800	-28			
59	0.5900	-28			
60	0.6000	-27			
61	0.6100	-27			
62	0.6200	-26			
63	0.6300	-25			
64	0.6400	-24			
65	0.6500	-24			
66	0.6600	-23			
67	0.6700	-22			
68	0.6800	-20			
69	0.6900	-19			
70	0.7000	-18			
71	0.7100	-16			
72	0.7200	-15			
73	0.7300	-13			
74	0.7400	-12			
75	0.7500	-10			
76	0.7600	-8			
77	0.7700	-6			
78	0.7800	-4			
79	0.7900	-3			
80	0.8000	-1			
81	0.8100	1			
82	0.8200	3			
83	0.8300	5			
84	0.8400	7			
85	0.8500	9			
86	0.8600	11			
87	0.8700	13			
88	0.8800	14			
89	0.8900	16			
90	0.9000	18			
91	0.9100	20			
92	0.9200	22			
93	0.9300	24			
94	0.9400	25			
95	0.9500	27			
96	0.9600	29			
97	0.9700	30			
98	0.9800	32			
99	0.9900	33			
100	1.0000	34			
101	1.0100	36			
102	1.0200	36			
103	1.0300	38			
104	1.0400	38			
105	1.0500	39			
106	1.0600	40			
107	1.0700	40			
108	1.0800	41			
109	1.0900	41			
110	1.1000	42			
111	1.1100	42			
112	1.1200	42			
113	1.1300	42			
114	1.1400	42			
115	1.1500	42			
116	1.1600	41			
117	1.1700	40			
118	1.1800	40			
119	1.1900	39			
120	1.2000	38			
121	1.2100	38			
122	1.2200	36			
123	1.2300	35			
124	1.2400	34			
125	1.2500	33			
126	1.2600	31			
127	1.2700	30			
128	1.2800	28			
129	1.2900	27			
130	1.3000	25			
131	1.3100	23			
132	1.3200	22			
133	1.3300	20			
134	1.3400	18			
135	1.3500	16			
136	1.3600	14			
137	1.3700	12			
138	1.3800	10			
139	1.3900	8			
140	1.4000	6			
141	1.4100	3			
142	1.4200	1			
143	1.4300	0			
144	1.4400	-2			
145	1.4500	-4			
146	1.4600	-6			
147	1.4700	-8			
148	1.4800	-10			
149	1.4900	-12			
150	1.5000	-13			
151	1.5100	-15			
152	1.5200	-16			
153	1.5300	-18			
154	1.5400	-19			
155	1.5500	-20			
156	1.5600	-22			
157	1.5700	-22			
158	1.5800	-24			
159	1.5900	-24			
160	1.6000	-26			
161	1.6100	-26			
162	1.6200	-27			
163	1.6300	-27			
164	1.6400	-28			
165	1.6500	-28			
166	1.6600	-28			
167	1.6700	-28			
168	1.6800	-28			
169	1.6900	-28			
170	1.7000	-28			
171	1.7100	-28			
172	1.7200	-27			
173	1.7300	-27			
174	1.7400	-26			
175	1.7500	-26			
176	1.7600	-25			
177	1.7700	-24			
178	1.7800	-23			
179	1.7900	-22			
180	1.8000	-20			
181	1.8100	-19			
182	1.8200	-18			
183	1.8300	-16			
184	1.8400	-15			
185	1.8500	-14			
186	1.8600	-12			
187	1.8700	-10			
188	1.8800	-8			
189	1.8900	-7			
190	1.9000	-5			
191	1.9100	-3			
192	1.9200	-1			
193	1.9300	1			
194	1.9400	3			
195	1.9500	5			
196	1.9600	7			
197	1.9700	9			
198	1.9800	11			
199	1.9900	13			
200	2.0000	14			
201	2.0100	16			
202	2.0200	18			
203	2.0300	20			
204	2.0400	22			
205	2.0500	24			
206	2.0600	26			
207	2.0700	27			
208	2.0800	29			
209	2.0900	30			
210	2.1000	32			
211	2.1100	33			
212	2.1200	34			
213	2.1300	36			
214	2.1400	37			
215	2.1500	38			
216	2.1600	39			
217	2.1700	40			
218	2.1800	40			
219	2.1900	41			
220	2.2000	41			
221	2.2100	42			
222	2.2200	42			
223	2.2300	42			
224	2.2400	42			
225	2.2500	42			
226	2.2600	42			
227	2.2700	42			
228	2.2800	41			
229	2.2900	41			
230	2.3000	40			
231	2.3100	39			
232	2.3200	38			
233	2.3300	38			
234	2.3400	37			
235	2.3500	36			
236	2.3600	34			
237	2.3700	33			
238	2.3800	32			
239	2.3900	30			
240	2.4000	28			
241	2.4100	27			
242	2.4200	25			
243	2.4300	24			
244	2.4400	22			
245	2.4500	20			
246	2.4600	18			
247	2.4700	16			
248	2.4800	14			
249	2.4900	12			
250	2.5000	10			
251	2.5100	8			
252	2.5200	6			
253	2.5300	3			
254	2.5400	1			
255	2.5500	-1			
256	2.5600	-2			
257	2.5700	-4			
258	2.5800	-6			
259	2.5900	-8			
260	2.6000	-10			
261	2.6100	-12			
262	2.6200	-14			
263	2.6300	-15			
264	2.6400	-17			
265	2.6500	-18			
266	2.6600	-20			
267	2.6700	-21			
268	2.6800	-22			
269	2.6900	-23			
270	2.7000	-24			
271	2.7100	-25			
272	2.7200	-26			
273	2.7300	-26			
274	2.7400	-27			
275	2.7500	-28			
276	2.7600	-28			
277	2.7700	-28			
278	2.7800	-28			
279	2.7900	-28			
280	2.8000	-28			
281	2.8100	-28			
282	2.8200	-28			
283	2.8300	-28			
284	2.8400	-28			
285	2.8500	-27			
286	2.8600	-26			
287	2.8700	-26			
288	2.8800	-25			
289	2.8900	-24			
290	2.9000	-23			
291	2.9100	-22			
292	2.9200	-20			
293	2.9300	-19			
294	2.9400	-18			
295	2.9500	-16			
296	2.9600	-15			
297	2.9700	-13			
298	2.9800	-12			
299	2.9900	-10			
300	3.0000	-8			
301	3.0100	-6			
302	3.0200	-4			
303	3.0300	-3			
304	3.0400	-1			
305	3.0500	1			
306	3.0600	3			
307	3.0700	5			
308	3.0800	7			
309	3.0900	9			
310	3.1000	11			
311	3.1100	13			
312	3.1200	15			
313	3.1300	17			
314	3.1400	19			
315	3.1500	21			
316	3.1600	22			
317	3.1700	24			
318	3.1800	26			
319	3.1900	27			
320	3.2000	29			
321	3.2100	30			
322	3.2200	32			
323	3.2300	33			
324	3.2400	35			
325	3.2500	36			
326	3.2600	37			
327	3.2700	38			
328	3.2800	39			
329	3.2900	40			
330	3.3000	40			
331	3.3100	41			
332	3.3200	41			
333	3.3300	42			
334	3.3400	42			
335	3.3500	42			
336	3.3600	42			
337	3.3700	42			
338	3.3800	42			
339	3.3900	42			
340	3.4000	41			
341	3.4100	40			
342	3.4200	40			
343	3.4300	39			
344	3.4400	38			
345	3.4500	38			
346	3.4600	36			
347	3.4700	35			
348	3.4800	34			
349	3.4900	33			
350	3.5000	31			
351	3.5100	30			
352	3.5200	28			
353	3.5300	27			
354	3.5400	25			
355	3.5500	23			
356	3.5600	21			
357	3.5700	19			
358	3.5800	17			
359	3.5900	15			
360	3.6000	13			
361	3.6100	11			
362	3.6200	9			
363	3.6300	7			
364	3.6400	5			
365	3.6500	3			
366	3.6600	1			
367	3.6700	-1			
368	3.6800	-3			
369	3.6900	-5			
370	3.7000	-7			
371	3.7100	-9			
372	3.7200	-10			
373	3.7300	-12			
374	3.7400	-14			
375	3.7500	-16			
376	3.7600	-17			
377	3.7700	-18			
378	3.7800	-20			
379	3.7900	-21			
380	3.8000	-22			
381	3.8100	-23			
382	3.8200	-24			
383	3.8300	-25			
384	3.8400	-26			
385	3.8500	-26			
386	3.8600	-27			
387	3.8700	-28			
388	3.8800	-28			
389	3.8900	-28			
390	3.9000	-28			
391	3.9100	-28			
392	3.9200	-28			
393	3.9300	-28			
394	3.9400	-28			
395	3.9500	-28			
396	3.9600	-27			
397	3.9700	-27			
398	3.9800	-26			
399	3.9900	-25			
400	4.0000	-24			
401	4.0100	-24			
402	4.0200	-22			
403	4.0300	-22			
404	4.0400	-20			
405	4.0500	-19			
406	4.0600	-18			
407	4.0700	-16			
408	4.0800	-14			
409	4.0900	-13			
410	4.1000	-12			
411	4.1100	-10			
412	4.1200	-8			
413	4.1300	-6			
414	4.1400	-4			
415	4.1500	-2			
416	4.1600	0			
417	4.1700	1			
418	4.1800	3			
419	4.1900	5			
420	4.2000	7			
421	4.2100	9			
422	4.2200	11			
423	4.2300	13			
424	4.2400	15			
425	4.2500	17			
426	4.2600	19			
427	4.2700	21			
428	4.2800	22			
429	4.2900	24			
430	4.3000	26			
431	4.3100	27			
432	4.3200	29			
433	4.3300	30			
434	4.3400	32			
435	4.3500	33			
436	4.3600	34			
437	4.3700	36			
438	4.3800	37			
439	4.3900	38			
440	4.4000	39			
441	4.4100	40			
442	4.4200	40			
443	4.4300	41			
444	4.4400	41			
445	4.4500	42			
446	4.4600	42			
447	4.4700	42			
448	4.4800	42			
449	4.4900	42			
450	4.5000	42			
451	4.5100	41			
452	4.5200	41			
453	4.5300	40			
454	4.5400	40			
455	4.5500	39			
456	4.5600	38			
457	4.5700	37			
458	4.5800	36			
459	4.5900	35			
460	4.6000	34			
461	4.6100	32			
462	4.6200	31			
463	4.6300	30			
464	4.6400	28			
465	4.6500	26			
466	4.6600	25			
467	4.6700	23			
468	4.6800	21			
469	4.6900	19			
470	4.7000	17			
471	4.7100	15			
472	4.7200	13			
473	4.7300	11			
474	4.7400	9			
475	4.7500	7			
476	4.7600	5			
477	4.7700	3			
478	4.7800	1			
479	4.7900	-1			
480	4.8000	-3			
481	4.8100	-5			
482	4.8200	-7			
483	4.8300	-8			
484	4.8400	-10			
485	4.8500	-12			
486	4.8600	-14			
487	4.8700	-15			
488	4.8800	-17			
489	4.8900	-18			
490	4.9000	-19			
491	4.9100	-20			
492	4.9200	-22			
493	4.9300	-23			
494	4.9400	-24			
495	4.9500	-25			
496	4.9600	-26			
497	4.9700	-26			
498	4.9800	-27			
499	4.9900	-27			
500	5.0000	-28			
501	5.0100	-28			
502	5.0200	-28			
503	5.0300	-28			
504	5.0400	-28			
505	5.0500	-28			
506	5.0600	-28			
507	5.0700	-28			
508	5.0800	-27			
509	5.0900	-27			
510	5.1000	-26			
511	5.1100	-25			
512	5.1200	-24			
513	5.1300	-24			
514	5.1400	-23			
515	5.1500	-22			
516	5.1600	-20			
517	5.1700	-19			
518	5.1800	-18			
519	5.1900	-16			
520	5.2000	-15			
521	5.2100	-13			
522	5.2200	-12			
523	5.2300	-10			
524	5.2400	-8			
525	5.2500	-6			
526	5.2600	-4			
527	5.2700	-2			
528	5.2800	-1			
529	5.2900	1			
530	5.3000	3			
531	5.3100	5			
532	5.3200	7			
533	5.3300	9			
534	5.3400	11			
535	5.3500	13			
536	5.3600	15			
537	5.3700	17			
538	5.3800	18			
539	5.3900	20			
540	5.4000	22			
541	5.4100	24			
542	5.4200	26			
543	5.4300	27			
544	5.4400	29			
545	5.4500	30			
546	5.4600	32			
547	5.4700	33			
548	5.4800	34			
549	5.4900	36			
550	5.5000	37			
551	5.5100	38			
552	5.5200	39			
553	5.5300	40			
554	5.5400	40			
555	5.5500	41			
556	5.5600	41			
557	5.5700	42			
558	5.5800	42			
559	5.5900	42			
560	5.6000	42			
561	5.6100	42			
562	5.6200	42			
563	5.6300	42			
564	5.6400	41			
565	5.6500	40			
566	5.6600	40			
567	5.6700	39			
568	5.6800	38			
569	5.6900	38			
570	5.7000	36			
571	5.7100	35			
572	5.7200	34			
573	5.7300	33			
574	5.7400	31			
575	5.7500	30			
576	5.7600	28			
577	5.7700	27			
578	5.7800	25			
579	5.7900	23			
580	5.8000	22			
581	5.8100	20			
582	5.8200	18			
583	5.8300	16			
584	5.8400	14			
585	5.8500	11			
586	5.8600	9			
587	5.8700	7			
588	5.8800	6			
589	5.8900	3			
590	5.9000	1			
591	5.9100	-1			
592	5.9200	-3			
593	5.9300	-5			
594	5.9400	-6			
595	5.9500	-8			
596	5.9600	-10			
597	5.9700	-12			
598	5.9800	-14			
599	5.9900	-15			
600	6.0000	-17			
601	6.0100	-18			
602	6.0200	-20			
603	6.0300	-21			
604	6.0400	-22			
605	6.0500	-23			
606	6.0600	-24			
607	6.0700	-25			
608	6.0800	-26			
609	6.0900	-26			
610	6.1000	-27			
611	6.1100	-27			
612	6.1200	-28			
613	6.1300	-28			
614	6.1400	-28			
615	6.1500	-28			
616	6.1600	-28			
617	6.1700	-28			
618	6.1800	-28			
619	6.1900	-28			
620	6.2000	-28			
621	6.2100	-27			
622	6.2200	-26			
623	6.2300	-26			
624	6.2400	-25			
625	6.2500	-24			
626	6.2600	-23			
627	6.2700	-22			
628	6.2800	-20			
629	6.2900	-19			
630	6.3000	-18			
631	6.3100	-16			
632	6.3200	-15			
633	6.3300	-13			
634	6.3400	-12			
635	6.3500	-10			
636	6.3600	-8			
637	6.3700	-6			
638	6.3800	-5			
639	6.3900	-3			
640	6.4000	-1			
641	6.4100	1			
642	6.4200	3			
643	6.4300	5			
644	6.4400	7			
645	6.4500	9			
646	6.4600	11			
647	6.4700	13			
648	6.4800	15			
649	6.4900	17			
650	6.5000	18			
651	6.5100	20			
652	6.5200	22			
653	6.5300	24			
654	6.5400	26			
655	6.5500	28			
656	6.5600	29			
657	6.5700	30			
658	6.5800	32			
659	6.5900	33			
660	6.6000	35			
661	6.6100	36			
662	6.6200	37			
663	6.6300	38			
664	6.6400	39			
665	6.6500	40			
666	6.6600	40			
667	6.6700	41			
668	6.6800	41			
669	6.6900	42			
670	6.7000	42			
671	6.7100	42			
672	6.7200	42			
673	6.7300	42			
674	6.7400	42			
675	6.7500	42			
676	6.7600	41			
677	6.7700	41			
678	6.7800	40			
679	6.7900	39			
680	6.8000	38			
681	6.8100	38			
682	6.8200	36			
683	6.8300	35			
684	6.8400	34			
685	6.8500	33			
686	6.8600	31			
687	6.8700	30			
688	6.8800	28			
689	6.8900	27			
690	6.9000	25			
691	6.9100	23			
692	6.9200	21			
693	6.9300	19			
694	6.9400	17			
695	6.9500	15			
696	6.9600	13			
697	6.9700	11			
698	6.9800	9			
699	6.9900	7			
700	7.0000	5			
701	7.0100	3			
702	7.0200	1			
703	7.0300	-1			
704	7.0400	-3			
705	7.0500	-5			
706	7.0600	-7			
707	7.0700	-9			
708	7.0800	-10			
709	7.0900	-12			
710	7.1000	-14			
711	7.1100	-16			
712	7.1200	-17			
713	7.1300	-18			
714	7.1400	-20			
715	7.1500	-21			
716	7.1600	-22			
717	7.1700	-23			
718	7.1800	-24			
719	7.1900	-25			
720	7.2000	-26			
721	7.2100	-26			
722	7.2200	-27			
723	7.2300	-28			
724	7.2400	-28			
725	7.2500	-28			
726	7.2600	-28			
727	7.2700	-28			
728	7.2800	-28			
729	7.2900	-28			
730	7.3000	-28			
731	7.3100	-28			
732	7.3200	-27			
733	7.3300	-27			
734	7.3400	-26			
735	7.3500	-26			
736	7.3600	-25			
737	7.3700	-24			
738	7.3800	-23			
739	7.3900	-22			
740	7.4000	-20			
741	7.4100	-19			
742	7.4200	-18			
743	7.4300	-16			
744	7.4400	-15			
745	7.4500	-13			
746	7.4600	-12			
747	7.4700	-10			
748	7.4800	-8			
749	7.4900	-6			
750	7.5000	-4			
751	7.5100	-2			
752	7.5200	0			
753	7.5300	2			
754	7.5400	3			
755	7.5500	5			
756	7.5600	7			
757	7.5700	9			
758	7.5800	11			
759	7.5900	13			
760	7.6000	15			
761	7.6100	17			
762	7.6200	19			
763	7.6300	21			
764	7.6400	22			
765	7.6500	24			
766	7.6600	26			
767	7.6700	28			
768	7.6800	29			
769	7.6900	31			
770	7.7000	32			
771	7.7100	34			
772	7.7200	35			
773	7.7300	36			
774	7.7400	37			
775	7.7500	38			
776	7.7600	39			
777	7.7700	40			
778	7.7800	40			
779	7.7900	41			
780	7.8000	41			
781	7.8100	42			
782	7.8200	42			
783	7.8300	42			
784	7.8400	42			
785	7.8500	42			
786	7.8600	42			
787	7.8700	42			
788	7.8800	41			
789	7.8900	40			
790	7.9000	40			
791	7.9100	39			
792	7.9200	38			
793	7.9300	37			
794	7.9400	36			
795	7.9500	35			
796	7.9600	34			
797	7.9700	32			
798	7.9800	31			
799	7.9900	30			
800	8.0000	28			
801	8.0100	26			
802	8.0200	25			
803	8.0300	23			
804	8.0400	21			
805	8.0500	19			
806	8.0600	17			
807	8.0700	15			
808	8.0800	13			
809	8.0900	11			
810	8.1000	9			
811	8.1100	7			
812	8.1200	5			
813	8.1300	2			
814	8.1400	1			
815	8.1500	-1			
816	8.1600	-3			
817	8.1700	-5			
818	8.1800	-7			
819	8.1900	-9			
820	8.2000	-10			
821	8.2100	-12			
822	8.2200	-14			
823	8.2300	-16			
824	8.2400	-17			
825	8.2500	-18			
826	8.2600	-20			
827	8.2700	-21			
828	8.2800	-22			
829	8.2900	-23			
830	8.3000	-24			
831	8.3100	-25			
832	8.3200	-26			
833	8.3300	-26			
834	8.3400	-27			
835	8.3500	-27			
836	8.3600	-28			
837	8.3700	-28			
838	8.3800	-28			
839	8.3900	-28			
840	8.4000	-28			
841	8.4100	-28			
842	8.4200	-28			
843	8.4300	-28			
844	8.4400	-27			
845	8.4500	-27			
846	8.4600	-26			
847	8.4700	-25			
848	8.4800	-24			
849	8.4900	-24			
850	8.5000	-22			
851	8.5100	-21			
852	8.5200	-20			
853	8.5300	-19			
854	8.5400	-18			
855	8.5500	-16			
856	8.5600	-14			
857	8.5700	-13			
858	8.5800	-11			
859	8.5900	-10			
860	8.6000	-8			
861	8.6100	-6			
862	8.6200	-4			
863	8.6300	-2			
864	8.6400	0			
865	8.6500	2			
866	8.6600	3			
867	8.6700	5			
868	8.6800	7			
869	8.6900	9			
870	8.7000	11			
871	8.7100	13			
872	8.7200	15			
873	8.7300	17			
874	8.7400	19			
875	8.7500	20			
876	8.7600	22			
877	8.7700	24			
878	8.7800	26			
879	8.7900	28			
880	8.8000	29			
881	8.8100	30			
882	8.8200	32			
883	8.8300	33			
884	8.8400	34			
885	8.8500	36			
886	8.8600	37			
887	8.8700	38			
888	8.8800	39			
889	8.8900	39			
890	8.9000	40			
891	8.9100	40			
892	8.9200	41			
893	8.9300	41			
894	8.9400	42			
895	8.9500	42			
896	8.9600	42			
897	8.9700	42			
898	8.9800	42			
899	8.9900	41			
900	9.0000	41			
901	9.0100	40			
902	9.0200	40			
903	9.0300	39			
904	9.0400	38			
905	9.0500	37			
906	9.0600	36			
907	9.0700	35			
908	9.0800	34			
909	9.0900	32			
910	9.1000	31			
911	9.1100	30			
912	9.1200	28			
913	9.1300	26			
914	9.1400	25			
915	9.1500	23			
916	9.1600	21			
917	9.1700	19			
918	9.1800	17			
919	9.1900	15			
920	9.2000	13			
921	9.2100	11			
922	9.2200	9			
923	9.2300	7			
924	9.2400	5			
925	9.2500	3			
926	9.2600	1			
927	9.2700	-1			
928	9.2800	-3			
929	9.2900	-5			
930	9.3000	-7			
931	9.3100	-8			
932	9.3200	-10			
933	9.3300	-12			
934	9.3400	-14			
935	9.3500	-15			
936	9.3600	-17			
937	9.3700	-18			
938	9.3800	-19			
939	9.3900	-20			
940	9.4000	-22			
941	9.4100	-23			
942	9.4200	-24			
943	9.4300	-25			
944	9.4400	-26			
945	9.4500	-26			
946	9.4600	-27			
947	9.4700	-27			
948	9.4800	-28			
949	9.4900	-28			
950	9.5000	-28			
951	9.5100	-28			
952	9.5200	-28			
953	9.5300	-28			
954	9.5400	-28			
955	9.5500	-28			
956	9.5600	-27			
957	9.5700	-27			
958	9.5800	-26			
959	9.5900	-25			
960	9.6000	-24			
961	9.6100	-24			
962	9.6200	-23			
963	9.6300	-22			
964	9.6400	-20			
965	9.6500	-19			
966	9.6600	-18			
967	9.6700	-16			
968	9.6800	-15			
969	9.6900	-13			
970	9.7000	-12			
971	9.7100	-10			
972	9.7200	-8			
973	9.7300	-6			
974	9.7400	-4			
975	9.7500	-2			
976	9.7600	-1			
977	9.7700	1			
978	9.7800	3			
979	9.7900	5			
980	9.8000	7			
981	9.8100	9			
982	9.8200	11			
983	9.8300	13			
984	9.8400	15			
985	9.8500	17			
986	9.8600	18			
987	9.8700	20			
988	9.8800	22			
989	9.8900	24			
990	9.9000	26			
991	9.9100	28			
992	9.9200	29			
993	9.9300	30			
994	9.9400	32			
995	9.9500	33			
996	9.9600	34			
997	9.9700	36			
998	9.9800	37			
999	9.9900	38			
1000	10.0000	38			
1001	10.0100	40			
1002	10.0200	40			
1003	10.0300	41			
1004	10.0400	41			
1005	10.0500	42			
1006	10.0600	42			
1007	10.0700	42			
1008	10.0800	42			
1009	10.0900	42			
1010	10.1000	42			
1011	10.1100	42			
1012	10.1200	41			
1013	10.1300	40			
1014	10.1400	40			
1015	10.1500	39			
1016	10.1600	38			
1017	10.1700	37			
1018	10.1800	36			
1019	10.1900	35			
1020	10.2000	34			
1021	10.2100	33			
1022	10.2200	31			
1023	10.2300	30			
1024	10.2400	28			
1025	10.2500	26			
1026	10.2600	25			
1027	10.2700	23			
1028	10.2800	21			
1029	10.2900	19			
1030	10.3000	18			
1031	10.3100	15			
1032	10.3200	13			
1033	10.3300	11			
1034	10.3400	9			
1035	10.3500	7			
1036	10.3600	5			
1037	10.3700	3			
1038	10.3800	1			
1039	10.3900	-1			
1040	10.4000	-3			
1041	10.4100	-5			
1042	10.4200	-7			
1043	10.4300	-8			
1044	10.4400	-10			
1045	10.4500	-12			
1046	10.4600	-14			
1047	10.4700	-16			
1048	10.4800	-17			
1049	10.4900	-18			
1050	10.5000	-20			
1051	10.5100	-21			
1052	10.5200	-22			
1053	10.5300	-23			
1054	10.5400	-24			
1055	10.5500	-25			
1056	10.5600	-26			
1057	10.5700	-26			
1058	10.5800	-27			
1059	10.5900	-28			
1060	10.6000	-28			
1061	10.6100	-28			
1062	10.6200	-28			
1063	10.6300	-28			
1064	10.6400	-28			
1065	10.6500	-28			
1066	10.6600	-28			
1067	10.6700	-28			
1068	10.6800	-28			
1069	10.6900	-27			
1070	10.7000	-26			
1071	10.7100	-26			
1072	10.7200	-25			
1073	10.7300	-24			
1074	10.7400	-23			
1075	10.7500	-22			
1076	10.7600	-20			
1077	10.7700	-19			
1078	10.7800	-18			
1079	10.7900	-16			
1080	10.8000	-15			
1081	10.8100	-13			
1082	10.8200	-12			
1083	10.8300	-10			
1084	10.8400	-8			
1085	10.8500	-6			
1086	10.8600	-4			
1087	10.8700	-2			
1088	10.8800	0			
1089	10.8900	2			
1090	10.9000	3			
1091	10.9100	5			
1092	10.9200	7			
1093	10.9300	9			
1094	10.9400	11			
1095	10.9500	13			
1096	10.9600	15			
1097	10.9700	17			
1098	10.9800	19			
1099	10.9900	21			
1100	11.0000	23			
1101	11.0100	24			
1102	11.0200	26			
1103	11.0300	28			
1104	11.0400	29			
1105	11.0500	31			
1106	11.0600	32			
1107	11.0700	34			
1108	11.0800	35			
1109	11.0900	36			
1110	11.1000	37			
1111	11.1100	38			
1112	11.1200	39			
1113	11.1300	40			
1114	11.1400	40			
1115	11.1500	41			
1116	11.1600	41			
1117	11.1700	42			
1118	11.1800	42			
1119	11.1900	42			
1120	11.2000	42			
1121	11.2100	42			
1122	11.2200	42			
1123	11.2300	42			
1124	11.2400	41			
1125	11.2500	40			
1126	11.2600	40			
1127	11.2700	39			
1128	11.2800	38			
1129	11.2900	37			
1130	11.3000	36			
1131	11.3100	35			
1132	11.3200	34			
1133	11.3300	32			
1134	11.3400	31			
1135	11.3500	30			
1136	11.3600	28			
1137	11.3700	26			
1138	11.3800	25			
1139	11.3900	23			
1140	11.4000	21			
1141	11.4100	19			
1142	11.4200	17			
1143	11.4300	14			
1144	11.4400	13			
1145	11.4500	11			
1146	11.4600	9			
1147	11.4700	7			
1148	11.4800	4			
1149	11.4900	2			
1150	11.5000	0			
1151	11.5100	-2			
1152	11.5200	-3			
1153	11.5300	-5			
1154	11.5400	-7			
1155	11.5500	-9			
1156	11.5600	-11			
1157	11.5700	-12			
1158	11.5800	-14			
1159	11.5900	-16			
1160	11.6000	-17			
1161	11.6100	-19			
1162	11.6200	-20			
1163	11.6300	-21			
1164	11.6400	-22			
1165	11.6500	-23			
1166	11.6600	-24			
1167	11.6700	-25			
1168	11.6800	-26			
1169	11.6900	-26			
1170	11.7000	-27			
1171	11.7100	-28			
1172	11.7200	-28			
1173	11.7300	-28			
1174	11.7400	-28			
1175	11.7500	-28			
1176	11.7600	-28			
1177	11.7700	-28			
1178	11.7800	-28			
1179	11.7900	-28			
1180	11.8000	-27			
1181	11.8100	-27			
1182	11.8200	-26			
1183	11.8300	-25			
1184	11.8400	-24			
1185	11.8500	-24			
1186	11.8600	-22			
1187	11.8700	-21			
1188	11.8800	-20			
1189	11.8900	-19			
1190	11.9000	-18			
1191	11.9100	-16			
1192	11.9200	-14			
1193	11.9300	-13			
1194	11.9400	-11			
1195	11.9500	-10			
1196	11.9600	-8			
1197	11.9700	-6			
1198	11.9800	-4			
1199	11.9900	-2			
1200	12.0000	0			
1201	12.0100	2			
1202	12.0200	4			
1203	12.0300	6			
1204	12.0400	8			
1205	12.0500	10			
1206	12.0600	12			
1207	12.0700	13			
1208	12.0800	15			
1209	12.0900	17			
1210	12.1000	19			
1211	12.1100	21			
1212	12.1200	23			
1213	12.1300	24			
1214	12.1400	26			
1215	12.1500	28			
1216	12.1600	29			
1217	12.1700	31			
1218	12.1800	32			
1219	12.1900	34			
1220	12.2000	34			
1221	12.2100	36			
1222	12.2200	37			
1223	12.2300	38			
1224	12.2400	39			
1225	12.2500	40			
1226	12.2600	40			
1227	12.2700	41			
1228	12.2800	41			
1229	12.2900	42			
1230	12.3000	42			
1231	12.3100	42			
1232	12.3200	42			
1233	12.3300	42			
1234	12.3400	42			
1235	12.3500	41			
1236	12.3600	41			
1237	12.3700	40			
1238	12.3800	40			
1239	12.3900	39			
1240	12.4000	38			
1241	12.4100	37			
1242	12.4200	36			
1243	12.4300	35			
1244	12.4400	34			
1245	12.4500	32			
1246	12.4600	31			
1247	12.4700	29			
1248	12.4800	28			
1249	12.4900	26			
1250	12.5000	24			
1251	12.5100	22			
1252	12.5200	20			
1253	12.5300	18			
1254	12.5400	16			
1255	12.5500	14			
1256	12.5600	13			
1257	12.5700	11			
1258	12.5800	9			
1259	12.5900	6			
1260	12.6000	4			
1261	12.6100	2			
1262	12.6200	0			
1263	12.6300	-1			
1264	12.6400	-3			
1265	12.6500	-5			
1266	12.6600	-7			
1267	12.6700	-9			
1268	12.6800	-11			
1269	12.6900	-12			
1270	12.7000	-14			
1271	12.7100	-16			
1272	12.7200	-17			
1273	12.7300	-18			
1274	12.7400	-20			
1275	12.7500	-21			
1276	12.7600	-22			
1277	12.7700	-23			
1278	12.7800	-24			
1279	12.7900	-25			
1280	12.8000	-26			
1281	12.8100	-26			
1282	12.8200	-27			
1283	12.8300	-27			
1284	12.8400	-28			
1285	12.8500	-28			
1286	12.8600	-28			
1287	12.8700	-28			
1288	12.8800	-28			
1289	12.8900	-28			
1290	12.9000	-28			
1291	12.9100	-28			
1292	12.9200	-27			
1293	12.9300	-27			
1294	12.9400	-26			
1295	12.9500	-25			
1296	12.9600	-24			
1297	12.9700	-24			
1298	12.9800	-22			
1299	12.9900	-21			
1300	13.0000	-20			
1301	13.0100	-19			
1302	13.0200	-17			
1303	13.0300	-16			
1304	13.0400	-14			
1305	13.0500	-13			
1306	13.0600	-11			
1307	13.0700	-10			
1308	13.0800	-8			
1309	13.0900	-6			
1310	13.1000	-4			
1311	13.1100	-2			
1312	13.1200	0			
1313	13.1300	2			
1314	13.1400	4			
1315	13.1500	5			
1316	13.1600	7			
1317	13.1700	9			
1318	13.1800	11			
1319	13.1900	13			
1320	13.2000	15			
1321	13.2100	17			
1322	13.2200	19			
1323	13.2300	21			
1324	13.2400	22			
1325	13.2500	24			
1326	13.2600	26			
1327	13.2700	28			
1328	13.2800	29			
1329	13.2900	30			
1330	13.3000	32			
1331	13.3100	33			
1332	13.3200	34			
1333	13.3300	36			
1334	13.3400	37			
1335	13.3500	38			
1336	13.3600	39			
1337	13.3700	40			
1338	13.3800	40			
1339	13.3900	41			
1340	13.4000	41			
1341	13.4100	42			
1342	13.4200	42			
1343	13.4300	42			
1344	13.4400	42			
1345	13.4500	42			
1346	13.4600	42			
1347	13.4700	41			
1348	13.4800	41			
1349	13.4900	40			
1350	13.5000	40			
1351	13.5100	39			
1352	13.5200	38			
1353	13.5300	37			
1354	13.5400	36			
1355	13.5500	35			
1356	13.5600	34			
1357	13.5700	32			
1358	13.5800	31			
1359	13.5900	30			
1360	13.6000	28			
1361	13.6100	26			
1362	13.6200	25			
1363	13.6300	23			
1364	13.6400	21			
1365	13.6500	19			
1366	13.6600	17			
1367	13.6700	15			
1368	13.6800	13			
1369	13.6900	11			
1370	13.7000	9			
1371	13.7100	7			
1372	13.7200	5			
1373	13.7300	3			
1374	13.7400	1			
1375	13.7500	-1			
1376	13.7600	-3			
1377	13.7700	-5			
1378	13.7800	-7			
1379	13.7900	-8			
1380	13.8000	-10			
1381	13.8100	-12			
1382	13.8200	-14			
1383	13.8300	-16			
1384	13.8400	-17			
1385	13.8500	-18			
1386	13.8600	-20			
1387	13.8700	-21			
1388	13.8800	-22			
1389	13.8900	-23			
1390	13.9000	-24			
1391	13.9100	-25			
1392	13.9200	-26			
1393	13.9300	-26			
1394	13.9400	-27			
1395	13.9500	-28			
1396	13.9600	-28			
1397	13.9700	-28			
1398	13.9800	-28			
1399	13.9900	-28			
1400	14.0000	-28			
1401	14.0100	-28			
1402	14.0200	-28			
1403	14.0300	-28			
1404	14.0400	-27			
1405	14.0500	-27			
1406	14.0600	-26			
1407	14.0700	-25			
1408	14.0800	-24			
1409	14.0900	-24			
1410	14.1000	-22			
1411	14.1100	-22			
1412	14.1200	-20			
1413	14.1300	-19			
1414	14.1400	-18			
1415	14.1500	-16			
1416	14.1600	-14			
1417	14.1700	-13			
1418	14.1800	-11			
1419	14.1900	-10			
1420	14.2000	-8			
1421	14.2100	-6			
1422	14.2200	-4			
1423	14.2300	-2			
1424	14.2400	0			
1425	14.2500	1			
1426	14.2600	3			
1427	14.2700	5			
1428	14.2800	7			
1429	14.2900	9			
1430	14.3000	11			
1431	14.3100	13			
1432	14.3200	15			
1433	14.3300	17			
1434	14.3400	19			
1435	14.3500	21			
1436	14.3600	22			
1437	14.3700	24			
1438	14.3800	26			
1439	14.3900	28			
1440	14.4000	29			
1441	14.4100	30			
1442	14.4200	32			
1443	14.4300	34			
1444	14.4400	35			
1445	14.4500	36			
1446	14.4600	37			
1447	14.4700	38			
1448	14.4800	39			
1449	14.4900	40			
1450	14.5000	40			
1451	14.5100	41			
1452	14.5200	41			
1453	14.5300	42			
1454	14.5400	42			
1455	14.5500	42			
1456	14.5600	42			
1457	14.5700	42			
1458	14.5800	42			
1459	14.5900	42			
1460	14.6000	41			
1461	14.6100	40			
1462	14.6200	40			
1463	14.6300	39			
1464	14.6400	38			
1465	14.6500	37			
1466	14.6600	36			
1467	14.6700	35			
1468	14.6800	34			
1469	14.6900	32			
1470	14.7000	31			
1471	14.7100	30			
1472	14.7200	28			
1473	14.7300	26			
1474	14.7400	25			
1475	14.7500	23			
1476	14.7600	21			
1477	14.7700	19			
1478	14.7800	17			
1479	14.7900	15			
1480	14.8000	13			
1481	14.8100	11			
1482	14.8200	9			
1483	14.8300	7			
1484	14.8400	5			
1485	14.8500	3			
1486	14.8600	1			
1487	14.8700	-1			
1488	14.8800	-3			
1489	14.8900	-5			
1490	14.9000	-7			
1491	14.9100	-9			
1492	14.9200	-11			
1493	14.9300	-12			
1494	14.9400	-14			
1495	14.9500	-16			
1496	14.9600	-17			
1497	14.9700	-18			
1498	14.9800	-20			
1499	14.9900	-21			
1500	15.0000	-22			
1501	15.0100	-23			
1502	15.0200	-24			
1503	15.0300	-25			
1504	15.0400	-26			
1505	15.0500	-26			
1506	15.0600	-27			
1507	15.0700	-28			
1508	15.0800	-28			
1509	15.0900	-28			
1510	15.1000	-28			
1511	15.1100	-28			
1512	15.1200	-28			
1513	15.1300	-28			
1514	15.1400	-28			
1515	15.1500	-28			
1516	15.1600	-27			
1517	15.1700	-27			
1518	15.1800	-26			
1519	15.1900	-25			
1520	15.2000	-24			
1521	15.2100	-24			
1522	15.2200	-22			
1523	15.2300	-21			
1524	15.2400	-20			
1525	15.2500	-19			
1526	15.2600	-17			
1527	15.2700	-16			
1528	15.2800	-14			
1529	15.2900	-13			
1530	15.3000	-11			
1531	15.3100	-10			
1532	15.3200	-8			
1533	15.3300	-6			
1534	15.3400	-4			
1535	15.3500	-2			
1536	15.3600	0			
1537	15.3700	2			
1538	15.3800	4			
1539	15.3900	6			
1540	15.4000	8			
1541	15.4100	10			
1542	15.4200	12			
1543	15.4300	14			
1544	15.4400	16			
1545	15.4500	18			
1546	15.4600	19			
1547	15.4700	21			
1548	15.4800	23			
1549	15.4900	24			
1550	15.5000	26			
1551	15.5100	28			
1552	15.5200	29			
1553	15.5300	31			
1554	15.5400	32			
1555	15.5500	34			
1556	15.5600	35			
1557	15.5700	36			
1558	15.5800	37			
1559	15.5900	38			
1560	15.6000	39			
1561	15.6100	40			
1562	15.6200	40			
1563	15.6300	41			
1564	15.6400	41			
1565	15.6500	42			
1566	15.6600	42			
1567	15.6700	42			
1568	15.6800	42			
1569	15.6900	42			
1570	15.7000	42			
1571	15.7100	41			
1572	15.7200	41			
1573	15.7300	40			
1574	15.7400	40			
1575	15.7500	39			
1576	15.7600	38			
1577	15.7700	37			
1578	15.7800	36			
1579	15.7900	35			
1580	15.8000	34			
1581	15.8100	32			
1582	15.8200	31			
1583	15.8300	29			
1584	15.8400	28			
1585	15.8500	26			
1586	15.8600	24			
1587	15.8700	22			
1588	15.8800	21			
1589	15.8900	18			
1590	15.9000	16			
1591	15.9100	14			
1592	15.9200	13			
1593	15.9300	11			
1594	15.9400	9			
1595	15.9500	7			
1596	15.9600	4			
1597	15.9700	2			
1598	15.9800	0			
1599	15.9900	-1			
1600	16.0000	-3			
1601	16.0100	-6			
1602	16.0200	-7			
1603	16.0300	-9			
1604	16.0400	-11			
1605	16.0500	-12			
1606	16.0600	-14			
1607	16.0700	-16			
1608	16.0800	-17			
1609	16.0900	-19			
1610	16.1000	-20			
1611	16.1100	-21			
1612	16.1200	-22			
1613	16.1300	-23			
1614	16.1400	-24			
1615	16.1500	-25			
1616	16.1600	-26			
1617	16.1700	-26			
1618	16.1800	-27			
1619	16.1900	-28			
1620	16.2000	-28			
1621	16.2100	-28			
1622	16.2200	-28			
1623	16.2300	-28			
1624	16.2400	-28			
1625	16.2500	-28			
1626	16.2600	-28			
1627	16.2700	-28			
1628	16.2800	-27			
1629	16.2900	-27			
1630	16.3000	-26			
1631	16.3100	-25			
1632	16.3200	-24			
1633	16.3300	-23			
1634	16.3400	-22			
1635	16.3500	-21			
1636	16.3600	-20			
1637	16.3700	-18			
1638	16.3800	-17			
1639	16.3900	-16			
1640	16.4000	-14			
1641	16.4100	-13			
1642	16.4200	-11			
1643	16.4300	-9			
1644	16.4400	-8			
1645	16.4500	-6			
1646	16.4600	-4			
1647	16.4700	-2			
1648	16.4800	0			
1649	16.4900	2			
1650	16.5000	4			
1651	16.5100	6			
1652	16.5200	8			
1653	16.5300	10			
1654	16.5400	12			
1655	16.5500	14			
1656	16.5600	15			
1657	16.5700	17			
1658	16.5800	19			
1659	16.5900	21			
1660	16.6000	23			
1661	16.6100	24			
1662	16.6200	26			
1663	16.6300	28			
1664	16.6400	29			
1665	16.6500	31			
1666	16.6600	32			
1667	16.6700	34			
1668	16.6800	35			
1669	16.6900	36			
1670	16.7000	37			
1671	16.7100	38			
1672	16.7200	39			
1673	16.7300	40			
1674	16.7400	40			
1675	16.7500	41			
1676	16.7600	41			
1677	16.7700	42			
1678	16.7800	42			
1679	16.7900	42			
1680	16.8000	42			
1681	16.8100	42			
1682	16.8200	42			
1683	16.8300	41			
1684	16.8400	41			
1685	16.8500	40			
1686	16.8600	40			
1687	16.8700	39			
1688	16.8800	38			
1689	16.8900	37			
1690	16.9000	36			
1691	16.9100	35			
1692	16.9200	34			
1693	16.9300	32			
1694	16.9400	31			
1695	16.9500	29			
1696	16.9600	28			
1697	16.9700	26			
1698	16.9800	24			
1699	16.9900	22			
1700	17.0000	21			
1701	17.0100	19			
1702	17.0200	16			
1703	17.0300	14			
1704	17.0400	12			
1705	17.0500	11			
1706	17.0600	9			
1707	17.0700	7			
1708	17.0800	4			
1709	17.0900	2			
1710	17.1000	0			
1711	17.1100	-1			
1712	17.1200	-3			
1713	17.1300	-5			
1714	17.1400	-7			
1715	17.1500	-9			
1716	17.1600	-11			
1717	17.1700	-12			
1718	17.1800	-14			
1719	17.1900	-16			
1720	17.2000	-17			
1721	17.2100	-18			
1722	17.2200	-20			
1723	17.2300	-21			
1724	17.2400	-22			
1725	17.2500	-23			
1726	17.2600	-24			
1727	17.2700	-25			
1728	17.2800	-26			
1729	17.2900	-26			
1730	17.3000	-27			
1731	17.3100	-27			
1732	17.3200	-28			
1733	17.3300	-28			
1734	17.3400	-28			
1735	17.3500	-28			
1736	17.3600	-28			
1737	17.3700	-28			
1738	17.3800	-28			
1739	17.3900	-28			
1740	17.4000	-27			
1741	17.4100	-27			
1742	17.4200	-26			
1743	17.4300	-25			
1744	17.4400	-24			
1745	17.4500	-24			
1746	17.4600	-22			
1747	17.4700	-21			
1748	17.4800	-20			
1749	17.4900	-19			
1750	17.5000	-18			
1751	17.5100	-16			
1752	17.5200	-14			
1753	17.5300	-13			
1754	17.5400	-11			
1755	17.5500	-10			
1756	17.5600	-8			
1757	17.5700	-6			
1758	17.5800	-4			
1759	17.5900	-2			
1760	17.6000	0			
1761	17.6100	2			
1762	17.6200	4			
1763	17.6300	6			
1764	17.6400	8			
1765	17.6500	9			
1766	17.6600	11			
1767	17.6700	13			
1768	17.6800	15			
1769	17.6900	17			
1770	17.7000	19			
1771	17.7100	21			
1772	17.7200	23			
1773	17.7300	24			
1774	17.7400	26			
1775	17.7500	28			
1776	17.7600	29			
1777	17.7700	31			
1778	17.7800	32			
1779	17.7900	34			
1780	17.8000	35			
1781	17.8100	36			
1782	17.8200	37			
1783	17.8300	38			
1784	17.8400	39			
1785	17.8500	40			
1786	17.8600	40			
1787	17.8700	41			
1788	17.8800	41			
1789	17.8900	42			
1790	17.9000	42			
1791	17.9100	42			
1792	17.9200	42			
1793	17.9300	42			
1794	17.9400	42			
1795	17.9500	41			
1796	17.9600	41			
1797	17.9700	40			
1798	17.9800	40			
1799	17.9900	39			
1800	18.0000	38			
1801	18.0100	37			
1802	18.0200	36			
1803	18.0300	35			
1804	18.0400	34			
1805	18.0500	32			
1806	18.0600	31			
1807	18.0700	29			
1808	18.0800	28			
1809	18.0900	26			
1810	18.1000	24			
1811	18.1100	23			
1812	18.1200	21			
1813	18.1300	19			
1814	18.1400	17			
1815	18.1500	15			
1816	18.1600	13			
1817	18.1700	11			
1818	18.1800	9			
1819	18.1900	6			
1820	18.2000	4			
1821	18.2100	3			
1822	18.2200	1			
1823	18.2300	-1			
1824	18.2400	-3			
1825	18.2500	-5			
1826	18.2600	-7			
1827	18.2700	-9			
1828	18.2800	-10			
1829	18.2900	-12			
1830	18.3000	-14			
1831	18.3100	-16			
1832	18.3200	-17			
1833	18.3300	-18			
1834	18.3400	-20			
1835	18.3500	-21			
1836	18.3600	-22			
1837	18.3700	-23			
1838	18.3800	-24			
1839	18.3900	-25			
1840	18.4000	-26			
1841	18.4100	-26			
1842	18.4200	-27			
1843	18.4300	-28			
1844	18.4400	-28			
1845	18.4500	-28			
1846	18.4600	-28			
1847	18.4700	-28			
1848	18.4800	-28			
1849	18.4900	-28			
1850	18.5000	-28			
1851	18.5100	-28			
1852	18.5200	-27			
1853	18.5300	-27			
1854	18.5400	-26			
1855	18.5500	-25			
1856	18.5600	-24			
1857	18.5700	-24			
1858	18.5800	-22			
1859	18.5900	-21			
1860	18.6000	-20			
1861	18.6100	-19			
1862	18.6200	-18			
1863	18.6300	-16			
1864	18.6400	-14			
1865	18.6500	-13			
1866	18.6600	-11			
1867	18.6700	-10			
1868	18.6800	-8			
1869	18.6900	-6			
1870	18.7000	-4			
1871	18.7100	-2			
1872	18.7200	0			
1873	18.7300	2			
1874	18.7400	4			
1875	18.7500	6			
1876	18.7600	8			
1877	18.7700	10			
1878	18.7800	12			
1879	18.7900	13			
1880	18.8000	15			
1881	18.8100	17			
1882	18.8200	19			
1883	18.8300	21			
1884	18.8400	23			
1885	18.8500	25			
1886	18.8600	26			
1887	18.8700	28			
1888	18.8800	30			
1889	18.8900	31			
1890	18.9000	32			
1891	18.9100	34			
1892	18.9200	35			
1893	18.9300	36			
1894	18.9400	37			
1895	18.9500	38			
1896	18.9600	39			
1897	18.9700	40			
1898	18.9800	40			
1899	18.9900	41			
1900	19.0000	41			
1901	19.0100	42			
1902	19.0200	42			
1903	19.0300	42			
1904	19.0400	42			
1905	19.0500	42			
1906	19.0600	42			
1907	19.0700	42			
1908	19.0800	41			
1909	19.0900	40			
1910	19.1000	40			
1911	19.1100	39			
1912	19.1200	38			
1913	19.1300	37			
1914	19.1400	36			
1915	19.1500	35			
1916	19.1600	34			
1917	19.1700	32			
1918	19.1800	31			
1919	19.1900	29			
1920	19.2000	28			
1921	19.2100	26			
1922	19.2200	24			
1923	19.2300	22			
1924	19.2400	20			
1925	19.2500	19			
1926	19.2600	16			
1927	19.2700	14			
1928	19.2800	12			
1929	19.2900	10			
1930	19.3000	8			
1931	19.3100	6			
1932	19.3200	4			
1933	19.3300	2			
1934	19.3400	0			
1935	19.3500	-2			
1936	19.3600	-4			
1937	19.3700	-6			
1938	19.3800	-8			
1939	19.3900	-9			
1940	19.4000	-11			
1941	19.4100	-13			
1942	19.4200	-14			
1943	19.4300	-16			
1944	19.4400	-18			
1945	19.4500	-19			
1946	19.4600	-20			
1947	19.4700	-21			
1948	19.4800	-22			
1949	19.4900	-23			
1950	19.5000	-24			
1951	19.5100	-25			
1952	19.5200	-26			
1953	19.5300	-27			
1954	19.5400	-27			
1955	19.5500	-28			
1956	19.5600	-28			
1957	19.5700	-28			
1958	19.5800	-28			
1959	19.5900	-28			
1960	19.6000	-28			
1961	19.6100	-28			
1962	19.6200	-28			
1963	19.6300	-28			
1964	19.6400	-27			
1965	19.6500	-27			
1966	19.6600	-26			
1967	19.6700	-25			
1968	19.6800	-24			
1969	19.6900	-23			
1970	19.7000	-22			
1971	19.7100	-21			
1972	19.7200	-20			
1973	19.7300	-19			
1974	19.7400	-17			
1975	19.7500	-16			
1976	19.7600	-14			
1977	19.7700	-12			
1978	19.7800	-11			
1979	19.7900	-9			
1980	19.8000	-8			
1981	19.8100	-6			
1982	19.8200	-4			
1983	19.8300	-2			
1984	19.8400	0			
1985	19.8500	2			
1986	19.8600	4			
1987	19.8700	6			
1988	19.8800	8			
1989	19.8900	10			
1990	19.9000	12			
1991	19.9100	14			
1992	19.9200	16			
1993	19.9300	18			
1994	19.9400	20			
1995	19.9500	21			
1996	19.9600	23			
1997	19.9700	25			
1998	19.9800	26			
1999	19.9900	28			
2000	20.0000	30			
